1 2 3 4
2 5 8 2
3 12 7 3
4 7 2 5
5 7 2 8
6 10 1 4
7 5 9 9
8 15 1 8
9 11 3 4
10 16 9 1
11 10 6 9
12 11 9 4
13 18 9 10
14 5 4 1
15 5 10 7
16 19 0 4
17 10 2 5
18 5 8 7
19 10 3 8
20 7 6 4
21 10 6 5
22 19 3 4
23 20 2 5
24 11 9 10
25 4 6 6
26 10 5 6
27 8 2 1
28 2 8 8
29 1 8 9
30 16 7 2
31 18 6 6
32 8 0 1
33 10 4 6
34 7 9 6
35 11 0 3
36 13 10 10
37 2 3 0
38 17 5 8
39 10 4 4
40 4 2 9
41 18 3 0
42 13 2 10
43 12 0 5
44 7 7 3
45 7 9 2
46 20 0 10
47 1 2 9
48 19 4 0
49 9 2 3
50 20 4 3
51 20 2 2
52 9 6 1
53 13 6 10
54 8 5 4
55 5 4 8
56 19 3 3
57 14 4 7
58 12 4 1
59 0 7 8
60 1 7 7
61 4 0 2
62 11 6 4
63 12 10 1
64 3 7 8
65 6 1 6
66 10 0 8
67 1 5 7
68 10 8 2
69 0 4 6
70 7 3 6
71 0 8 7
72 8 2 6
73 4 0 5
74 18 9 2
75 0 4 1
76 10 10 9
77 7 10 10
78 17 3 3
79 12 8 8
80 16 10 2
81 8 1 3
82 2 3 2
83 20 8 10
84 17 3 10
85 15 5 10
86 3 6 9
87 16 1 1
88 16 6 10
89 17 8 1
90 7 5 4
91 11 4 8
92 5 10 10
93 3 6 10
94 14 10 0
95 8 0 6
96 4 2 10
97 11 5 7
98 3 2 3
99 8 4 8
100 15 9 3
101 15 4 6
102 12 1 5
103 20 4 6
104 17 4 8
105 16 1 10
106 12 5 5
107 3 1 8
108 16 6 8
109 14 5 7
110 15 2 4
111 19 5 3
112 14 1 0
113 15 4 7
114 19 2 7
115 1 9 9
116 15 9 8
117 18 9 1
118 6 7 1
119 20 10 6
120 14 0 8
121 8 10 0
122 4 3 0
123 14 6 1
124 1 5 2
125 17 3 9
126 19 0 8
127 16 5 10
128 16 9 10
129 15 7 3
130 2 9 2
131 2 7 10
132 6 1 8
133 15 0 4
134 11 5 3
135 13 2 6
136 4 0 5
137 20 0 4
138 20 0 9
139 4 2 9
140 4 4 0
141 15 9 0
142 17 5 0
143 16 3 8
144 10 5 8
145 13 2 8
146 15 0 0
147 1 0 0
148 7 9 2
149 6 9 7
150 16 6 4
151 1 5 0
152 0 2 5
153 10 5 5
154 14 2 7
155 0 7 0
156 8 0 2
157 8 3 9
158 2 7 7
159 15 7 6
160 15 7 9
161 15 7 5
162 19 6 9
163 16 2 9
164 19 8 7
165 0 6 9
166 6 4 2
167 7 9 1
168 16 2 6
169 16 8 1
170 11 8 1
171 14 7 9
172 6 0 0
173 17 3 2
174 10 10 2
175 6 2 2
176 5 6 3
177 14 9 4
178 16 2 9
179 13 4 6
180 16 8 3
181 18 8 6
182 18 10 8
183 19 9 1
184 11 10 7
185 3 4 7
186 20 9 8
187 12 3 8
188 8 8 5
189 18 6 2
190 5 6 5
191 8 8 1
192 3 8 2
193 17 10 10
194 15 1 10
195 7 1 3
196 3 4 8
197 6 2 7
198 1 8 6
199 14 6 10
200 14 9 2
201 3 6 5
202 0 4 5
203 17 0 4
204 18 5 10
205 12 10 4
206 20 9 3
207 4 4 3
208 8 0 5
209 20 10 8
210 0 7 1
211 8 0 7
212 2 10 5
213 7 2 6
214 18 8 5
215 12 5 4
216 3 9 0
217 9 4 8
218 4 4 4
219 19 9 3
220 11 3 1
221 3 5 6
222 19 9 6
223 12 7 0
224 6 7 7
225 2 5 0
226 8 2 2
227 8 2 8
228 4 5 0
229 1 5 3
230 14 1 5
231 20 0 6
232 0 2 0
233 15 0 5
234 8 2 0
235 18 5 7
236 15 0 4
237 3 2 1
238 18 5 8
239 20 4 7
240 19 0 10
241 1 0 6
242 8 1 2
243 10 9 1
244 0 6 2
245 15 6 7
246 17 3 8
247 13 2 2
248 0 4 2
249 18 6 3
250 0 6 6
251 12 2 9
252 1 1 10
253 19 1 3
254 0 0 5
255 11 1 6
256 13 0 7
257 8 1 5
258 1 4 5
259 8 4 3
260 4 3 7
261 0 1 2
262 16 0 6
263 16 2 7
264 13 10 6
265 13 0 8
266 12 2 7
267 19 0 9
268 19 0 6
269 7 10 9
270 5 2 2
271 19 4 10
272 5 9 3
273 16 3 5
274 9 4 3
275 10 1 1
276 20 6 3
277 16 0 10
278 3 6 10
279 0 9 8
280 15 6 10
281 3 8 8
282 3 3 4
283 12 0 1
284 5 5 0
285 16 8 2
286 20 8 5
287 0 1 0
288 2 8 8
289 14 9 7
290 9 10 2
291 1 2 9
292 5 1 10
293 6 4 7
294 5 4 7
295 13 5 5
296 8 1 4
297 13 10 1
298 1 6 0
299 1 5 10
300 0 6 4
301 5 10 9
302 4 10 3
303 7 6 4
304 7 0 3
305 8 3 6
306 7 10 10
307 8 6 0
308 16 0 3
309 11 6 9
310 12 6 3
311 17 7 2
312 13 6 4
313 8 10 2
314 9 4 5
315 4 9 3
316 13 0 3
317 11 3 3
318 6 8 9
319 17 1 7
320 4 0 1
321 7 6 3
322 14 7 5
323 8 8 2
324 10 7 2
325 13 6 4
326 13 10 6
327 19 10 3
328 20 0 1
329 15 6 0
330 17 10 2
331 8 5 3
332 15 2 10
333 15 9 4
334 16 5 8
335 20 8 6
336 12 3 8
337 13 5 5
338 7 8 3
339 18 9 1
340 4 6 0
341 7 4 10
342 9 8 5
343 2 10 8
344 16 7 10
345 15 1 0
346 7 2 0
347 11 5 8
348 0 8 9
349 7 6 5
350 6 4 1
351 2 0 5
352 16 10 9
353 12 8 7
354 14 1 9
355 11 4 5
356 10 10 7
357 4 7 3
358 12 5 4
359 7 7 9
360 13 1 1
361 18 7 4
362 0 6 1
363 14 3 10
364 16 3 10
365 9 7 3
366 10 8 9
367 13 3 9
368 2 0 1
369 7 7 4
370 6 1 10
371 11 0 9
372 19 8 9
373 4 4 0
374 5 8 1
375 12 10 9
376 14 8 8
377 20 0 0
378 3 5 10
379 1 5 7
380 10 5 1
381 3 3 7
382 16 10 7
383 7 2 6
384 8 9 2
385 19 8 5
386 7 8 7
387 13 4 0
388 5 5 6
389 9 0 6
390 15 1 8
391 11 3 4
392 20 6 3
393 5 9 2
394 15 6 2
395 9 7 1
396 0 9 5
397 13 2 6
398 7 2 5
399 15 0 5
400 7 9 4
401 17 10 5
402 9 7 5
403 2 3 0
404 11 4 0
405 16 2 7
406 4 5 10
407 5 2 2
408 3 2 2
409 2 6 0
410 4 7 10
411 13 8 10
412 2 6 2
413 12 0 8
414 20 7 7
415 1 6 10
416 11 5 9
417 10 7 2
418 14 0 9
419 14 1 1
420 18 2 1
421 10 10 6
422 19 1 10
423 10 6 9
424 20 2 1
425 1 5 1
426 7 3 3
427 7 4 7
428 0 6 10
429 13 5 2
430 9 9 4
431 20 5 2
432 19 5 10
433 14 9 10
434 1 0 8
435 18 9 6
436 3 5 4
437 4 5 0
438 15 9 4
439 10 9 5
440 17 2 7
441 18 6 9
442 15 4 10
443 18 1 8
444 16 1 7
445 10 7 3
446 15 0 5
447 4 4 7
448 19 2 1
449 19 6 9
450 14 10 6
451 17 3 8
452 0 2 4
453 6 8 5
454 7 9 6
455 4 4 1
456 4 0 4
457 3 3 8
458 11 3 5
459 15 4 7
460 19 7 2
461 7 4 5
462 18 0 7
463 7 6 7
464 4 6 6
465 5 6 2
466 14 8 6
467 13 3 0
468 4 10 10
469 12 8 7
470 13 8 10
471 17 1 5
472 18 10 10
473 18 6 4
474 18 8 6
475 7 9 3
476 14 2 9
477 15 9 7
478 2 6 8
479 7 1 3
480 7 1 3
481 14 2 2
482 12 2 6
483 18 4 2
484 2 3 2
485 16 1 4
486 16 0 2
487 13 7 0
488 19 10 4
489 0 5 6
490 3 2 7
491 5 1 4
492 10 8 3
493 5 1 8
494 7 10 9
495 4 3 6
496 16 9 5
497 2 2 3
498 20 4 0
499 18 9 6
500 2 6 5
501 16 8 3
502 0 1 8
503 9 6 2
504 13 0 8
505 19 2 3
506 12 10 9
507 11 10 4
508 1 10 3
509 17 8 10
510 18 9 6
511 4 2 2
512 9 3 9
513 18 3 0
514 16 6 6
515 13 5 8
516 10 2 7
517 18 8 8
518 7 3 1
519 0 4 2
520 13 5 7
521 2 8 8
522 9 1 5
523 20 0 10
524 4 10 1
525 4 7 3
526 5 9 4
527 0 5 9
528 10 2 8
529 17 10 1
530 13 10 6
531 20 7 1
532 13 6 9
533 8 9 5
534 16 9 1
535 20 3 0
536 5 5 5
537 12 1 3
538 6 8 5
539 8 1 8
540 11 9 8
541 20 5 1
542 8 1 8
543 3 4 5
544 5 3 5
545 6 8 4
546 10 9 7
547 14 4 2
548 2 4 10
549 9 9 8
550 8 0 7
551 4 5 6
552 6 6 10
553 11 8 2
554 6 2 1
555 7 1 3
556 1 2 2
557 16 10 2
558 11 0 7
559 1 5 6
560 11 8 4
561 5 9 0
562 17 8 9
563 17 0 0
564 10 9 1
565 2 2 9
566 10 4 3
567 15 10 8
568 12 7 1
569 12 1 1
570 12 1 4
571 13 4 6
572 7 6 9
573 13 3 2
574 1 8 10
575 9 0 2
576 4 3 5
577 10 4 8
578 11 9 6
579 5 5 7
580 4 7 4
581 7 1 4
582 6 2 10
583 10 2 3
584 5 1 9
585 4 7 0
586 12 6 0
587 4 5 4
588 18 0 4
589 4 3 2
590 18 9 5
591 7 8 7
592 17 5 10
593 2 4 9
594 18 3 6
595 2 1 6
596 11 2 9
597 2 8 5
598 12 10 8
599 7 2 9
600 18 0 0
601 11 5 5
602 5 2 1
603 20 2 8
604 0 3 6
605 14 10 1
606 1 5 5
607 13 10 7
608 14 3 5
609 13 3 2
610 20 2 8
611 15 4 4
612 12 4 3
613 12 9 10
614 19 0 1
615 5 8 0
616 14 10 5
617 2 9 2
618 14 0 3
619 6 5 6
620 18 9 9
621 0 8 1
622 15 8 6
623 1 2 0
624 19 5 2
625 6 3 6
626 20 2 4
627 19 3 5
628 14 7 9
629 14 3 3
630 10 4 10
631 15 1 2
632 18 7 7
633 8 3 10
634 17 1 8
635 5 8 1
636 18 9 2
637 11 8 6
638 6 7 9
639 10 1 3
640 0 0 0
641 11 9 2
642 7 1 5
643 6 9 3
644 14 7 1
645 4 8 3
646 10 3 1
647 18 10 5
648 6 10 1
649 3 1 4
650 13 1 5
651 18 3 8
652 1 8 5
653 8 8 10
654 4 1 1
655 6 1 0
656 16 10 3
657 15 9 4
658 4 2 4
659 0 7 1
660 11 7 7
661 10 5 7
662 14 3 6
663 20 6 8
664 14 3 8
665 20 9 3
666 3 7 5
667 14 10 2
668 15 0 0
669 13 4 6
670 1 0 7
671 14 0 7
672 12 9 9
673 20 2 4
674 18 4 2
675 1 9 1
676 12 4 6
677 18 8 4
678 3 10 7
679 8 3 10
680 17 10 1
681 0 7 8
682 12 8 4
683 10 7 9
684 18 0 7
685 17 5 9
686 15 0 0
687 12 7 10
688 13 1 3
689 9 9 2
690 17 0 3
691 14 8 10
692 17 1 6
693 2 4 6
694 8 0 9
695 14 10 8
696 5 7 5
697 18 2 4
698 0 4 4
699 4 9 7
700 7 10 7
701 20 2 4
702 11 7 5
703 3 5 6
704 11 3 7
705 14 5 7
706 2 4 10
707 7 9 9
708 16 0 7
709 15 7 4
710 5 2 6
711 0 9 9
712 0 6 9
713 10 9 1
714 11 2 7
715 16 5 0
716 4 5 1
717 4 3 7
718 7 1 2
719 0 7 4
720 8 0 6
721 11 9 3
722 18 6 3
723 13 6 4
724 7 2 8
725 14 4 6
726 12 5 9
727 2 5 2
728 14 3 3
729 13 7 4
730 5 10 10
731 4 1 9
732 19 2 5
733 17 0 1
734 12 3 8
735 14 9 3
736 10 10 5
737 20 6 6
738 7 1 4
739 2 3 8
740 0 1 6
741 10 2 1
742 14 5 5
743 14 6 1
744 11 5 8
745 8 2 1
746 6 1 5
747 12 10 7
748 5 8 1
749 12 8 1
750 13 10 9
751 2 3 6
752 12 0 3
753 4 1 8
754 5 8 5
755 18 7 2
756 10 2 1
757 9 2 2
758 2 2 3
759 20 5 7
760 18 5 3
761 10 10 1
762 12 4 5
763 20 9 7
764 8 2 8
765 4 0 6
766 16 6 9
767 5 9 2
768 19 10 4
769 8 6 4
770 16 5 1
771 5 8 4
772 13 10 1
773 8 3 2
774 12 10 5
775 6 1 4
776 17 7 0
777 12 1 2
778 18 4 5
779 17 7 4
780 13 0 5
781 9 3 3
782 13 1 4
783 19 3 2
784 15 7 8
785 20 7 2
786 16 1 2
787 16 7 4
788 14 0 5
789 19 9 1
790 10 7 1
791 13 4 6
792 0 0 8
793 9 2 1
794 19 5 10
795 1 1 5
796 15 2 6
797 20 5 2
798 7 7 1
799 5 0 8
800 19 5 10
801 7 9 6
802 10 9 3
803 7 10 0
804 8 10 6
805 4 5 5
806 0 5 0
807 0 4 4
808 2 8 2
809 16 4 10
810 10 5 3
811 13 1 1
812 6 8 0
813 15 3 7
814 20 3 1
815 14 1 5
816 13 8 6
817 15 2 4
818 20 3 9
819 11 3 9
820 4 1 4
821 18 5 3
822 12 2 0
823 13 3 4
824 0 4 0
825 6 8 5
826 15 7 6
827 18 0 1
828 11 8 8
829 7 7 3
830 15 5 7
831 18 2 5
832 16 2 6
833 7 4 0
834 19 0 6
835 2 6 9
836 5 9 4
837 17 10 6
838 1 1 8
839 17 3 7
840 3 7 6
841 4 3 9
842 14 9 0
843 5 7 1
844 16 7 10
845 0 8 3
846 20 10 0
847 5 3 4
848 12 4 6
849 10 9 8
850 12 8 8
851 2 6 5
852 13 2 0
853 11 0 8
854 8 7 7
855 10 9 5
856 7 6 8
857 5 10 2
858 12 6 1
859 20 4 5
860 7 3 6
861 3 0 5
862 4 10 4
863 16 0 10
864 13 6 7
865 7 4 6
866 14 9 7
867 12 2 0
868 2 5 2
869 15 10 5
870 0 4 2
871 11 7 10
872 3 0 6
873 20 0 9
874 15 7 4
875 16 5 3
876 13 2 4
877 18 1 1
878 11 6 1
879 4 1 2
880 0 2 9
881 5 4 1
882 15 8 8
883 5 4 3
884 7 3 0
885 8 5 2
886 1 4 9
887 15 3 5
888 12 7 10
889 0 1 10
890 8 0 0
891 3 4 10
892 2 1 0
893 1 4 6
894 1 0 4
895 2 6 10
896 19 7 0
897 0 0 1
898 7 10 8
899 9 2 8
900 17 6 2
901 1 8 7
902 6 8 5
903 8 2 3
904 19 3 0
905 11 1 10
906 1 5 7
907 5 6 1
908 15 5 3
909 3 6 3
910 7 2 0
911 16 8 10
912 15 7 7
913 9 1 4
914 13 6 6
915 11 3 0
916 7 1 9
917 11 0 9
918 17 0 0
919 18 10 9
920 9 3 10
921 5 5 9
922 8 2 8
923 2 5 4
924 3 2 1
925 6 10 9
926 9 10 2
927 20 6 0
928 16 6 8
929 3 0 7
930 0 8 7
931 20 4 3
932 0 8 6
933 18 6 10
934 20 6 2
935 13 0 6
936 19 2 4
937 10 4 9
938 13 6 7
939 11 3 2
940 0 1 7
941 1 5 7
942 15 4 0
943 4 10 5
944 16 5 0
945 11 0 5
946 4 5 2
947 9 6 4
948 1 8 0
949 3 1 2
950 0 8 7
951 7 6 7
952 2 4 6
953 4 10 9
954 0 5 10
955 11 5 10
956 5 6 1
957 17 4 2
958 6 8 6
959 19 3 10
960 3 3 0
961 11 1 4
962 16 0 1
963 7 10 0
964 2 10 8
965 14 4 10
966 20 2 4
967 16 3 5
968 5 8 8
969 2 10 9
970 9 0 10
971 14 7 0
972 12 7 6
973 13 5 5
974 4 9 4
975 14 2 2
976 20 0 4
977 20 8 5
978 17 6 9
979 1 9 4
980 10 4 4
981 9 9 3
982 16 6 0
983 14 3 6
984 5 2 4
985 0 7 7
986 13 3 3
987 3 8 1
988 12 1 1
989 14 1 4
990 18 3 1
991 8 5 5
992 19 9 9
993 17 0 9
994 0 7 10
995 11 7 7
996 11 10 9
997 20 4 4
998 0 1 2
999 9 9 10
1000 17 8 3
1001 12 7 1
1002 10 7 0
1003 4 6 0
1004 15 8 8
1005 7 1 0
1006 7 5 3
1007 15 1 3
1008 18 1 9
1009 4 6 6
1010 16 5 7
1011 2 3 6
1012 18 0 1
1013 20 2 10
1014 12 3 2
1015 2 6 5
1016 4 6 2
1017 7 6 6
1018 10 9 0
1019 12 9 0
1020 11 6 0
1021 16 1 8
1022 14 7 8
1023 6 5 1
1024 6 8 2
1025 11 5 5
1026 14 6 3
1027 18 1 4
1028 17 9 4
1029 8 8 6
1030 15 6 7
1031 7 10 0
1032 9 9 9
1033 5 3 3
1034 10 4 10
1035 3 5 8
1036 15 0 8
1037 14 7 8
1038 0 7 6
1039 20 0 0
1040 12 8 10
1041 11 7 10
1042 11 3 0
1043 18 3 7
1044 4 8 10
1045 8 2 1
1046 5 9 7
1047 13 3 9
1048 11 3 8
1049 12 0 6
1050 5 1 10
1051 0 0 9
1052 12 5 8
1053 11 3 10
1054 0 0 4
1055 8 2 1
1056 16 10 5
1057 14 8 4
1058 10 1 5
1059 13 6 0
1060 16 7 8
1061 6 5 5
1062 6 10 4
1063 11 5 10
1064 0 7 3
1065 7 2 8
1066 8 4 8
1067 8 2 0
1068 9 7 2
1069 11 2 7
1070 16 2 9
1071 9 8 2
1072 2 0 6
1073 10 1 6
1074 11 8 1
1075 20 10 5
1076 14 1 9
1077 11 10 7
1078 2 3 3
1079 10 2 2
1080 8 7 4
1081 17 10 8
1082 14 7 10
1083 9 10 6
1084 7 9 4
1085 19 9 5
1086 10 1 2
1087 15 1 7
1088 0 5 2
1089 9 4 6
1090 10 5 9
1091 18 8 5
1092 15 1 0
1093 18 6 8
1094 7 5 2
1095 10 0 0
1096 13 2 7
1097 9 4 4
1098 17 4 6
1099 12 5 7
1100 3 4 6
1101 19 4 2
1102 16 8 7
1103 1 8 0
1104 4 6 1
1105 5 8 9
1106 11 10 2
1107 16 6 4
1108 7 8 5
1109 18 8 7
1110 20 3 2
1111 13 2 7
1112 0 1 7
1113 5 0 6
1114 11 8 9
1115 10 1 5
1116 15 8 4
1117 19 4 6
1118 12 2 4
1119 19 0 6
1120 13 3 6
1121 4 4 9
1122 5 4 6
1123 12 4 6
1124 16 1 2
1125 20 9 3
1126 6 6 4
1127 5 0 0
1128 4 4 5
1129 15 3 7
1130 2 4 2
1131 16 1 8
1132 0 5 3
1133 1 2 10
1134 4 6 5
1135 17 8 1
1136 10 1 6
1137 12 0 5
1138 3 10 10
1139 14 4 5
1140 0 8 4
1141 14 1 3
1142 20 4 10
1143 19 4 3
1144 3 3 0
1145 8 5 10
1146 19 3 10
1147 11 7 7
1148 14 0 8
1149 2 5 7
1150 0 2 2
1151 17 7 2
1152 1 0 7
1153 0 10 10
1154 13 0 7
1155 10 0 0
1156 5 3 1
1157 20 8 2
1158 13 8 1
1159 10 10 0
1160 9 8 9
1161 20 8 1
1162 11 10 10
1163 0 2 5
1164 9 5 0
1165 17 0 9
1166 17 0 6
1167 14 6 9
1168 18 7 9
1169 4 1 4
1170 10 10 0
1171 17 10 5
1172 8 6 9
1173 0 2 8
1174 17 1 7
1175 6 5 4
1176 12 10 6
1177 16 8 1
1178 8 10 7
1179 2 2 7
1180 12 0 9
1181 12 9 7
1182 17 7 1
1183 1 7 7
1184 15 10 10
1185 14 8 8
1186 19 3 3
1187 11 2 10
1188 16 5 10
1189 5 10 1
1190 5 7 9
1191 16 10 2
1192 2 2 4
1193 15 2 10
1194 14 4 7
1195 18 3 2
1196 10 8 10
1197 20 1 10
1198 19 4 3
1199 14 0 9
1200 2 4 6
1201 0 9 5
1202 2 0 1
1203 20 6 9
1204 16 3 8
1205 11 9 10
1206 3 7 2
1207 5 2 10
1208 14 2 0
1209 16 7 5
1210 16 7 3
1211 17 1 0
1212 3 2 7
1213 3 6 0
1214 19 10 1
1215 8 0 3
1216 1 10 9
1217 11 2 0
1218 8 1 10
1219 3 10 3
1220 14 8 5
1221 13 3 4
1222 11 9 7
1223 13 1 1
1224 6 0 3
1225 7 2 10
1226 5 2 9
1227 5 6 2
1228 3 2 9
1229 6 7 8
1230 15 9 10
1231 12 6 0
1232 15 0 9
1233 8 0 4
1234 15 5 3
1235 15 6 8
1236 0 5 0
1237 2 4 7
1238 5 10 0
1239 5 7 4
1240 18 9 4
1241 2 7 5
1242 18 10 6
1243 13 6 1
1244 7 8 1
1245 14 7 5
1246 8 3 2
1247 13 1 4
1248 18 10 1
1249 17 3 2
1250 10 8 5
1251 5 5 0
1252 4 5 3
1253 1 9 5
1254 9 5 7
1255 16 0 1
1256 19 4 1
1257 15 5 5
1258 16 1 9
1259 4 5 3
1260 1 10 4
1261 12 6 1
1262 18 5 2
1263 6 3 6
1264 2 3 9
1265 3 7 2
1266 14 2 9
1267 10 6 8
1268 16 6 3
1269 19 5 1
1270 18 2 3
1271 7 8 8
1272 0 4 5
1273 14 2 3
1274 3 1 9
1275 17 6 9
1276 1 0 8
1277 18 10 0
1278 8 6 8
1279 2 3 3
1280 3 8 10
1281 1 3 7
1282 7 4 7
1283 11 10 7
1284 0 3 2
1285 6 7 2
1286 8 8 6
1287 17 10 2
1288 17 9 4
1289 7 3 7
1290 4 6 9
1291 13 10 9
1292 19 5 2
1293 19 1 7
1294 3 3 10
1295 5 5 3
1296 11 0 5
1297 18 2 5
1298 10 1 1
1299 18 3 5
1300 6 1 9
1301 9 7 8
1302 12 2 9
1303 12 3 10
1304 15 8 9
1305 18 0 5
1306 11 0 0
1307 5 7 9
1308 9 10 4
1309 17 2 10
1310 10 4 8
1311 7 10 10
1312 8 8 5
1313 13 8 9
1314 14 3 2
1315 19 10 9
1316 11 6 3
1317 20 5 8
1318 2 5 9
1319 6 2 4
1320 0 2 4
1321 1 10 2
1322 0 8 3
1323 7 0 0
1324 14 4 7
1325 16 5 6
1326 2 2 0
1327 5 6 0
1328 17 1 10
1329 1 5 0
1330 17 10 2
1331 8 2 0
1332 9 3 2
1333 0 0 2
1334 6 7 7
1335 3 6 0
1336 16 8 5
1337 10 3 3
1338 16 8 2
1339 18 5 5
1340 10 1 5
1341 3 0 4
1342 3 10 0
1343 4 8 2
1344 2 8 9
1345 12 4 4
1346 4 5 4
1347 13 1 1
1348 15 3 6
1349 13 1 2
1350 2 9 3
1351 15 3 6
1352 8 6 1
1353 16 8 2
1354 10 6 2
1355 15 7 2
1356 19 1 9
1357 16 3 0
1358 10 4 4
1359 15 4 10
1360 4 5 7
1361 11 4 0
1362 10 0 4
1363 20 3 5
1364 14 10 6
1365 4 0 0
1366 13 0 0
1367 2 6 5
1368 13 5 3
1369 17 1 3
1370 18 1 4
1371 16 1 1
1372 8 3 8
1373 7 5 6
1374 11 1 2
1375 3 7 3
1376 6 0 3
1377 7 2 7
1378 11 3 1
1379 12 0 8
1380 4 3 3
1381 3 8 2
1382 17 7 2
1383 14 10 1
1384 17 2 3
1385 3 8 5
1386 16 6 1
1387 5 9 4
1388 4 3 1
1389 3 7 2
1390 13 2 5
1391 10 6 3
1392 13 7 6
1393 10 8 0
1394 14 4 1
1395 9 4 6
1396 10 10 9
1397 6 3 6
1398 1 2 5
1399 6 0 1
1400 5 8 4
1401 18 2 2
1402 13 2 8
1403 12 6 0
1404 12 5 5
1405 10 10 4
1406 17 5 6
1407 14 1 9
1408 14 4 6
1409 17 10 4
1410 8 4 7
1411 11 1 6
1412 7 3 1
1413 10 4 2
1414 11 2 3
1415 20 7 9
1416 20 10 0
1417 14 3 9
1418 12 6 0
1419 16 7 2
1420 13 6 3
1421 2 3 2
1422 3 6 6
1423 18 2 2
1424 5 10 9
1425 5 7 6
1426 18 0 1
1427 7 5 6
1428 10 7 9
1429 2 4 2
1430 13 9 10
1431 13 4 7
1432 18 2 6
1433 9 2 10
1434 1 8 2
1435 19 9 3
1436 6 2 6
1437 4 3 7
1438 11 9 9
1439 14 6 9
1440 17 8 4
1441 17 7 6
1442 15 0 4
1443 17 7 1
1444 10 0 10
1445 13 7 5
1446 17 9 6
1447 8 0 9
1448 2 7 3
1449 17 7 1
1450 19 5 1
1451 8 8 8
1452 8 9 7
1453 12 9 3
1454 12 4 2
1455 3 3 6
1456 6 6 7
1457 18 6 7
1458 16 0 7
1459 16 9 9
1460 8 1 8
1461 4 7 6
1462 3 8 2
1463 14 0 6
1464 1 1 4
1465 8 8 6
1466 17 8 3
1467 20 4 4
1468 16 8 4
1469 4 1 8
1470 13 1 1
1471 6 1 4
1472 7 2 6
1473 4 8 9
1474 19 0 1
1475 15 3 2
1476 2 0 6
1477 11 8 9
1478 2 5 10
1479 3 0 10
1480 20 9 2
1481 3 10 1
1482 18 5 9
1483 15 9 2
1484 2 1 7
1485 6 10 0
1486 15 4 10
1487 14 6 7
1488 4 6 5
1489 7 10 10
1490 18 2 6
1491 6 6 0
1492 17 8 5
1493 0 9 0
1494 9 3 9
1495 18 4 2
1496 19 10 8
1497 6 6 2
1498 11 2 3
1499 11 4 3
1500 5 4 10
1501 17 4 6
1502 6 9 5
1503 20 0 4
1504 19 3 2
1505 20 9 6
1506 18 2 8
1507 4 6 9
1508 5 5 4
1509 7 10 2
1510 1 5 2
1511 0 9 7
1512 15 8 2
1513 1 4 9
1514 7 5 9
1515 15 4 10
1516 17 6 7
1517 19 5 7
1518 9 8 9
1519 4 2 10
1520 13 6 2
1521 19 3 10
1522 1 4 7
1523 14 9 8
1524 3 0 0
1525 15 2 2
1526 13 1 10
1527 18 1 2
1528 11 0 6
1529 14 7 9
1530 8 3 7
1531 2 8 0
1532 8 1 2
1533 0 7 6
1534 0 0 3
1535 11 9 4
1536 11 0 8
1537 6 4 8
1538 18 1 10
1539 10 1 0
1540 20 3 10
1541 8 5 3
1542 6 7 1
1543 4 10 6
1544 15 3 9
1545 6 5 7
1546 3 10 6
1547 13 0 1
1548 17 6 4
1549 11 8 9
1550 5 6 6
1551 20 8 1
1552 6 5 7
1553 13 5 9
1554 1 7 8
1555 16 9 0
1556 7 7 6
1557 17 9 9
1558 1 8 8
1559 10 10 4
1560 5 5 5
1561 6 5 6
1562 1 4 10
1563 14 7 2
1564 6 6 6
1565 3 1 5
1566 6 3 0
1567 8 4 7
1568 0 9 7
1569 7 3 1
1570 19 10 1
1571 5 6 6
1572 13 5 9
1573 20 0 3
1574 14 2 4
1575 7 5 10
1576 10 0 10
1577 9 10 2
1578 7 0 9
1579 14 10 2
1580 14 9 10
1581 11 2 2
1582 0 5 7
1583 17 0 4
1584 9 6 4
1585 20 1 10
1586 17 1 3
1587 5 6 3
1588 6 0 7
1589 7 5 7
1590 17 4 9
1591 7 3 10
1592 7 8 6
1593 8 4 4
1594 15 5 4
1595 19 3 8
1596 6 10 6
1597 1 3 4
1598 4 6 4
1599 11 9 0
1600 10 6 5
1601 12 2 3
1602 6 3 0
1603 12 10 0
1604 10 0 1
1605 18 0 10
1606 3 9 5
1607 6 3 8
1608 5 5 10
1609 12 0 2
1610 4 9 3
1611 7 10 1
1612 0 6 9
1613 10 1 6
1614 3 8 5
1615 12 8 7
1616 16 6 2
1617 18 10 7
1618 10 9 6
1619 19 8 9
1620 4 3 3
1621 13 6 9
1622 20 1 4
1623 14 3 3
1624 19 4 1
1625 5 7 4
1626 1 9 6
1627 17 3 8
1628 11 2 1
1629 3 7 2
1630 8 10 5
1631 15 0 2
1632 4 0 9
1633 15 0 4
1634 12 9 4
1635 4 0 9
1636 11 2 4
1637 6 1 4
1638 17 2 3
1639 13 3 5
1640 19 1 5
1641 12 4 9
1642 19 6 2
1643 5 6 5
1644 14 4 2
1645 14 1 4
1646 10 8 5
1647 2 5 9
1648 7 6 8
1649 13 8 7
1650 14 6 3
1651 0 0 5
1652 12 0 5
1653 0 3 5
1654 6 2 9
1655 4 7 9
1656 7 6 7
1657 6 7 6
1658 9 1 5
1659 3 7 2
1660 14 10 2
1661 14 10 9
1662 9 5 1
1663 13 7 1
1664 10 0 8
1665 17 0 2
1666 19 3 10
1667 19 4 0
1668 4 9 6
1669 2 1 5
1670 14 1 4
1671 15 1 4
1672 2 5 9
1673 13 2 2
1674 10 10 9
1675 12 4 4
1676 14 10 9
1677 20 8 1
1678 14 8 8
1679 7 1 9
1680 4 8 10
1681 3 4 10
1682 6 9 10
1683 8 10 9
1684 8 5 2
1685 10 9 8
1686 14 7 7
1687 17 9 8
1688 2 8 5
1689 14 1 1
1690 14 10 8
1691 20 9 6
1692 19 8 5
1693 4 7 9
1694 5 0 10
1695 14 4 9
1696 9 4 4
1697 15 3 2
1698 19 4 0
1699 17 7 3
1700 20 4 0
1701 15 5 1
1702 7 7 9
1703 18 8 10
1704 17 8 0
1705 12 9 4
1706 13 6 7
1707 0 6 3
1708 11 8 2
1709 9 9 7
1710 16 8 7
1711 1 8 1
1712 11 2 3
1713 7 1 4
1714 5 1 2
1715 12 9 10
1716 3 1 4
1717 18 0 6
1718 6 3 10
1719 11 6 7
1720 6 6 5
1721 6 7 2
1722 16 1 0
1723 10 9 3
1724 18 3 7
1725 6 7 5
1726 15 7 5
1727 10 1 4
1728 15 4 4
1729 13 0 8
1730 3 0 0
1731 19 10 1
1732 6 0 10
1733 1 1 5
1734 18 6 1
1735 17 5 7
1736 6 0 3
1737 16 2 2
1738 12 0 10
1739 10 8 1
1740 13 9 1
1741 11 6 4
1742 20 0 1
1743 11 5 1
1744 11 5 9
1745 13 2 4
1746 10 3 4
1747 4 2 1
1748 20 6 5
1749 3 10 4
1750 15 1 8
1751 0 1 9
1752 6 6 0
1753 17 3 4
1754 20 6 10
1755 15 2 2
1756 20 8 1
1757 2 7 2
1758 10 5 0
1759 9 10 10
1760 3 0 9
1761 19 4 1
1762 3 0 5
1763 13 5 8
1764 5 10 3
1765 13 7 10
1766 16 0 9
1767 14 6 3
1768 18 2 7
1769 2 6 1
1770 4 5 6
1771 6 6 5
1772 0 4 10
1773 15 3 10
1774 6 8 7
1775 15 5 5
1776 9 9 9
1777 16 5 0
1778 20 9 6
1779 0 6 8
1780 18 1 2
1781 18 9 4
1782 13 5 8
1783 6 10 10
1784 11 1 5
1785 14 4 7
1786 13 9 3
1787 20 3 8
1788 1 8 8
1789 2 6 10
1790 6 7 0
1791 5 6 6
1792 5 3 9
1793 19 0 2
1794 11 3 1
1795 13 0 9
1796 1 0 3
1797 1 3 4
1798 13 4 3
1799 8 8 3
1800 12 3 6
1801 8 2 6
1802 17 0 3
1803 4 8 7
1804 13 10 10
1805 4 4 2
1806 5 9 0
1807 1 0 2
1808 8 1 3
1809 11 5 10
1810 8 2 0
1811 12 0 2
1812 0 6 3
1813 9 10 9
1814 14 10 2
1815 19 7 5
1816 4 9 8
1817 7 1 10
1818 19 7 2
1819 8 3 7
1820 17 8 6
1821 14 1 9
1822 14 9 0
1823 8 5 6
1824 1 9 5
1825 8 7 0
1826 6 5 1
1827 17 0 7
1828 1 8 6
1829 3 3 2
1830 14 6 1
1831 19 9 5
1832 5 6 6
1833 20 10 2
1834 2 1 0
1835 10 7 7
1836 1 6 2
1837 0 8 8
1838 9 3 7
1839 15 9 0
1840 15 7 4
1841 16 7 8
1842 18 3 7
1843 17 0 3
1844 4 0 6
1845 19 9 10
1846 12 10 6
1847 13 4 9
1848 13 3 10
1849 0 0 8
1850 10 7 9
1851 1 0 3
1852 19 8 6
1853 3 0 9
1854 17 4 6
1855 18 10 9
1856 0 1 2
1857 19 9 2
1858 12 5 0
1859 3 8 1
1860 14 2 10
1861 12 1 7
1862 9 3 3
1863 11 2 6
1864 1 0 6
1865 17 9 2
1866 9 5 3
1867 2 0 1
1868 15 10 10
1869 20 5 4
1870 17 9 0
1871 4 3 2
1872 15 0 1
1873 0 0 1
1874 17 9 3
1875 20 10 9
1876 15 4 8
1877 10 5 9
1878 1 1 0
1879 14 5 5
1880 3 1 9
1881 2 8 7
1882 9 0 1
1883 4 9 2
1884 16 10 8
1885 19 7 3
1886 6 3 1
1887 3 4 7
1888 12 0 10
1889 14 2 10
1890 16 9 7
1891 1 4 3
1892 20 5 7
1893 6 7 9
1894 6 9 0
1895 17 9 7
1896 11 8 2
1897 18 3 5
1898 13 6 2
1899 3 8 8
1900 13 5 10
1901 11 9 1
1902 1 9 10
1903 6 9 2
1904 20 6 4
1905 18 10 10
1906 18 7 9
1907 10 7 2
1908 15 2 3
1909 4 1 8
1910 0 10 8
1911 7 3 1
1912 10 3 8
1913 16 3 9
1914 18 1 1
1915 1 6 0
1916 1 6 4
1917 3 4 1
1918 9 6 1
1919 20 0 9
1920 5 6 6
1921 4 10 2
1922 5 2 10
1923 5 7 9
1924 13 5 9
1925 11 10 3
1926 16 10 10
1927 19 0 4
1928 2 3 10
1929 0 6 3
1930 4 3 7
1931 18 6 3
1932 10 9 6
1933 9 7 9
1934 16 4 1
1935 11 1 0
1936 3 8 9
1937 0 6 5
1938 9 10 10
1939 9 6 6
1940 17 3 9
1941 8 5 10
1942 1 10 8
1943 16 6 4
1944 16 8 1
1945 8 3 9
1946 9 1 9
1947 11 10 1
1948 18 7 6
1949 16 5 1
1950 14 2 9
1951 6 1 4
1952 14 8 0
1953 6 4 1
1954 7 3 1
1955 15 4 0
1956 5 5 1
1957 20 5 5
1958 16 4 2
1959 9 9 6
1960 2 0 10
1961 20 3 5
1962 7 5 0
1963 8 4 7
1964 15 6 2
1965 7 1 2
1966 3 4 6
1967 17 10 10
1968 4 6 1
1969 6 2 5
1970 1 8 8
1971 14 6 7
1972 18 8 4
1973 13 8 6
1974 5 1 1
1975 19 7 7
1976 14 0 6
1977 6 7 5
1978 14 1 5
1979 13 6 2
1980 12 3 1
1981 14 6 1
1982 15 4 6
1983 5 5 1
1984 20 8 1
1985 11 10 5
1986 19 0 0
1987 1 5 1
1988 9 2 10
1989 14 7 6
1990 3 2 1
1991 2 0 0
1992 17 5 5
1993 6 3 0
1994 15 2 0
1995 9 7 9
1996 11 6 9
1997 19 3 6
1998 15 6 4
1999 11 1 1
2000 19 10 7
2001 3 9 9
2002 19 2 10
2003 1 6 0
2004 20 4 3
2005 13 4 8
2006 17 0 9
2007 11 0 7
2008 12 10 10
2009 6 5 8
2010 2 10 7
2011 10 5 8
2012 13 2 8
2013 4 2 1
2014 17 0 2
2015 7 8 10
2016 11 9 2
2017 6 5 8
2018 0 6 8
2019 5 2 6
2020 17 9 9
2021 13 10 2
2022 1 0 1
2023 8 5 6
2024 4 6 6
2025 8 5 9
2026 18 9 4
2027 11 4 3
2028 17 8 6
2029 7 6 2
2030 3 2 7
2031 5 9 8
2032 3 3 7
2033 8 8 9
2034 19 3 2
2035 18 0 3
2036 2 5 4
2037 2 0 0
2038 6 4 3
2039 13 7 7
2040 9 7 4
2041 19 5 3
2042 0 7 2
2043 9 5 5
2044 9 3 2
2045 5 4 2
2046 13 2 0
2047 5 2 4
2048 6 0 7
2049 7 4 0
2050 4 8 6
2051 5 2 4
2052 9 7 4
2053 3 2 8
2054 3 10 8
2055 18 4 4
2056 5 0 7
2057 11 2 2
2058 16 7 9
2059 12 7 6
2060 4 5 4
2061 20 1 10
2062 10 8 9
2063 3 8 8
2064 6 4 4
2065 13 6 9
2066 19 4 10
2067 3 5 5
2068 10 6 0
2069 20 1 5
2070 10 10 4
2071 19 2 10
2072 10 7 4
2073 6 2 0
2074 16 0 9
2075 5 1 4
2076 14 0 5
2077 18 1 1
2078 15 6 8
2079 20 10 10
2080 4 4 1
2081 14 2 4
2082 2 5 2
2083 17 10 2
2084 1 0 4
2085 13 6 9
2086 7 10 3
2087 11 7 7
2088 8 10 10
2089 0 9 1
2090 16 4 10
2091 11 10 2
2092 16 6 4
2093 11 4 1
2094 18 3 9
2095 11 0 4
2096 17 2 6
2097 12 4 10
2098 18 6 0
2099 4 5 4
2100 18 2 7
2101 2 4 6
2102 20 1 4
2103 1 1 1
2104 8 10 4
2105 16 4 0
2106 15 1 10
2107 1 1 2
2108 5 3 3
2109 2 9 10
2110 17 3 9
2111 16 9 3
2112 18 8 8
2113 13 6 3
2114 1 3 6
2115 12 9 2
2116 4 0 2
2117 3 8 8
2118 15 6 8
2119 8 6 3
2120 13 9 10
2121 19 7 3
2122 13 7 6
2123 2 1 1
2124 2 7 3
2125 4 2 0
2126 12 10 8
2127 20 4 2
2128 13 9 7
2129 9 8 4
2130 5 0 10
2131 8 3 1
2132 12 4 4
2133 3 0 1
2134 8 8 3
2135 20 1 6
2136 10 9 2
2137 14 10 2
2138 19 8 10
2139 0 4 2
2140 12 10 8
2141 4 3 6
2142 9 0 0
2143 12 3 2
2144 12 2 8
2145 0 2 6
2146 11 2 3
2147 9 6 2
2148 16 5 4
2149 8 6 8
2150 10 1 10
2151 1 7 2
2152 16 8 1
2153 3 4 1
2154 12 10 1
2155 3 10 4
2156 11 7 8
2157 18 6 3
2158 20 2 10
2159 13 6 6
2160 15 9 7
2161 15 9 2
2162 10 3 8
2163 2 9 5
2164 2 3 1
2165 16 9 9
2166 7 9 1
2167 9 4 0
2168 5 5 5
2169 12 0 3
2170 5 10 7
2171 9 9 9
2172 8 5 3
2173 20 3 6
2174 6 6 6
2175 20 7 3
2176 7 3 8
2177 19 8 10
2178 18 6 3
2179 3 1 1
2180 20 9 0
2181 15 3 2
2182 16 0 9
2183 8 10 6
2184 10 4 1
2185 0 2 8
2186 1 2 0
2187 6 3 1
2188 12 2 3
2189 4 0 9
2190 4 7 0
2191 3 8 6
2192 0 9 0
2193 15 3 6
2194 6 3 4
2195 7 8 7
2196 10 7 6
2197 11 3 7
2198 5 8 8
2199 4 0 10
2200 0 4 10
2201 7 1 4
2202 18 3 3
2203 8 8 10
2204 14 8 5
2205 0 8 4
2206 15 7 9
2207 3 2 10
2208 13 8 0
2209 12 7 9
2210 7 3 8
2211 1 10 1
2212 0 2 6
2213 6 6 9
2214 12 7 4
2215 4 4 7
2216 0 7 3
2217 20 8 4
2218 3 0 6
2219 15 6 4
2220 15 3 10
2221 15 2 5
2222 0 7 1
2223 17 1 1
2224 13 7 10
2225 18 4 7
2226 13 4 10
2227 6 10 7
2228 15 9 5
2229 10 4 2
2230 0 4 2
2231 0 7 8
2232 18 3 5
2233 9 1 7
2234 9 1 1
2235 16 10 9
2236 10 1 3
2237 15 3 8
2238 10 8 10
2239 4 1 6
2240 16 9 9
2241 5 7 8
2242 20 8 0
2243 6 4 3
2244 16 4 7
2245 14 0 0
2246 5 6 7
2247 2 1 3
2248 6 4 9
2249 2 10 10
2250 7 9 8
2251 0 7 4
2252 10 2 7
2253 6 10 0
2254 10 7 10
2255 18 7 1
2256 12 9 7
2257 6 6 3
2258 0 7 8
2259 20 1 5
2260 0 7 7
2261 15 7 3
2262 1 3 2
2263 13 4 9
2264 20 8 5
2265 1 1 7
2266 12 4 10
2267 11 4 2
2268 13 2 0
2269 19 3 0
2270 7 1 8
2271 7 7 3
2272 17 6 7
2273 16 4 9
2274 4 9 5
2275 9 10 6
2276 6 4 7
2277 11 5 5
2278 17 0 5
2279 7 0 6
2280 19 8 6
2281 19 8 3
2282 13 10 1
2283 15 9 9
2284 20 4 6
2285 10 5 0
2286 11 4 9
2287 7 9 5
2288 15 1 9
2289 2 9 8
2290 14 10 1
2291 7 9 8
2292 15 7 8
2293 13 9 6
2294 2 2 9
2295 19 5 0
2296 13 0 8
2297 8 10 5
2298 5 1 8
2299 19 8 10
2300 14 5 2
2301 20 5 5
2302 19 7 9
2303 19 10 4
2304 2 0 6
2305 1 2 1
2306 19 0 4
2307 9 3 4
2308 18 4 0
2309 7 5 6
2310 7 9 9
2311 14 9 10
2312 1 2 0
2313 17 10 1
2314 0 8 6
2315 20 3 1
2316 11 7 1
2317 5 8 8
2318 12 5 4
2319 1 2 9
2320 9 4 2
2321 12 9 8
2322 11 10 4
2323 8 4 5
2324 0 1 3
2325 17 10 6
2326 7 8 2
2327 18 4 0
2328 4 5 0
2329 4 6 10
2330 4 9 9
2331 7 5 3
2332 8 5 9
2333 18 3 2
2334 9 9 1
2335 10 1 10
2336 15 9 2
2337 12 2 9
2338 12 2 2
2339 7 3 8
2340 9 10 5
2341 16 1 1
2342 16 5 1
2343 11 8 1
2344 3 3 6
2345 18 9 9
2346 10 0 10
2347 5 10 10
2348 13 0 3
2349 6 8 2
2350 6 3 10
2351 8 1 5
2352 5 10 10
2353 20 3 3
2354 12 10 1
2355 17 3 10
2356 1 0 0
2357 20 6 9
2358 6 8 7
2359 14 3 8
2360 17 8 9
2361 13 6 2
2362 17 10 5
2363 6 10 0
2364 19 10 3
2365 5 2 8
2366 5 0 9
2367 16 4 4
2368 3 10 3
2369 4 7 10
2370 9 4 7
2371 6 1 0
2372 10 10 3
2373 16 8 6
2374 20 1 10
2375 0 8 2
2376 8 3 5
2377 9 9 4
2378 2 1 2
2379 7 3 4
2380 9 7 4
2381 5 10 0
2382 14 4 0
2383 4 3 5
2384 16 9 10
2385 4 6 10
2386 10 2 8
2387 0 0 10
2388 13 8 8
2389 5 5 3
2390 12 2 4
2391 2 4 6
2392 6 6 4
2393 2 4 7
2394 7 9 2
2395 13 0 10
2396 4 8 3
2397 18 2 3
2398 13 10 4
2399 16 9 6
2400 7 0 3
2401 18 8 4
2402 3 0 6
2403 13 3 8
2404 14 3 4
2405 7 10 9
2406 14 10 10
2407 12 9 5
2408 8 8 1
2409 18 10 3
2410 7 4 4
2411 11 4 10
2412 8 10 0
2413 0 3 9
2414 15 7 3
2415 1 0 1
2416 16 5 0
2417 15 0 5
2418 20 8 10
2419 8 7 0
2420 16 1 1
2421 9 0 8
2422 17 7 0
2423 8 10 6
2424 15 10 2
2425 6 8 1
2426 4 6 8
2427 20 4 9
2428 1 8 9
2429 17 4 0
2430 11 3 2
2431 1 7 1
2432 11 1 3
2433 11 2 8
2434 10 2 0
2435 5 10 2
2436 12 3 5
2437 2 3 4
2438 19 3 2
2439 16 6 10
2440 3 9 2
2441 20 2 2
2442 15 1 7
2443 9 3 3
2444 10 2 2
2445 18 2 5
2446 5 6 2
2447 7 5 2
2448 14 4 3
2449 19 9 1
2450 12 9 10
2451 14 5 5
2452 19 10 1
2453 13 0 5
2454 16 7 8
2455 12 7 5
2456 12 8 3
2457 9 9 1
2458 4 4 3
2459 16 1 9
2460 20 3 5
2461 12 5 3
2462 16 8 2
2463 17 3 9
2464 19 9 1
2465 19 4 4
2466 3 6 0
2467 5 5 8
2468 15 6 0
2469 11 7 1
2470 6 2 10
2471 0 10 3
2472 6 7 4
2473 7 10 0
2474 14 4 0
2475 20 4 8
2476 6 9 8
2477 13 9 8
2478 9 6 5
2479 11 6 5
2480 9 10 3
2481 16 8 7
2482 11 0 9
2483 15 3 2
2484 8 10 9
2485 20 9 7
2486 12 9 7
2487 2 10 4
2488 12 0 0
2489 11 2 7
2490 3 7 2
2491 11 1 1
2492 0 4 3
2493 19 7 5
2494 17 6 10
2495 14 7 1
2496 11 0 5
2497 11 6 6
2498 19 4 6
2499 6 8 7
2500 1 6 2
2501 4 9 4
2502 10 3 6
2503 12 1 8
2504 14 3 0
2505 9 8 4
2506 6 3 2
2507 11 9 5
2508 4 1 10
2509 14 10 8
2510 20 0 6
2511 14 3 8
2512 2 9 10
2513 7 9 4
2514 16 9 4
2515 2 7 9
2516 16 5 2
2517 18 0 5
2518 15 10 4
2519 20 0 2
2520 3 4 2
2521 18 7 7
2522 15 9 9
2523 11 0 8
2524 7 0 10
2525 19 9 7
2526 3 6 9
2527 0 7 9
2528 20 2 1
2529 6 1 10
2530 15 3 4
2531 18 8 3
2532 18 3 8
2533 19 6 6
2534 17 2 1
2535 17 1 3
2536 20 4 2
2537 9 1 2
2538 20 7 5
2539 6 3 8
2540 17 10 7
2541 2 0 0
2542 11 10 0
2543 9 8 8
2544 10 10 0
2545 13 9 2
2546 4 2 5
2547 2 1 10
2548 3 2 3
2549 13 3 3
2550 16 5 7
2551 17 7 6
2552 0 3 6
2553 8 7 1
2554 4 10 1
2555 9 3 3
2556 15 3 4
2557 12 9 2
2558 16 8 5
2559 5 3 4
2560 5 7 5
2561 1 2 10
2562 19 0 3
2563 19 3 5
2564 9 9 10
2565 10 9 4
2566 6 6 0
2567 2 4 10
2568 4 0 1
2569 3 9 4
2570 11 4 2
2571 19 1 10
2572 13 4 2
2573 0 0 4
2574 15 2 10
2575 6 3 4
2576 2 8 1
2577 10 8 1
2578 15 1 7
2579 0 10 3
2580 14 1 8
2581 18 7 7
2582 11 2 4
2583 20 5 2
2584 4 10 9
2585 20 10 5
2586 8 6 0
2587 13 4 10
2588 9 1 0
2589 13 7 7
2590 18 9 9
2591 19 4 7
2592 4 4 7
2593 7 10 1
2594 16 5 1
2595 2 0 7
2596 5 9 1
2597 15 3 7
2598 8 2 10
2599 16 8 2
2600 20 6 3
2601 10 0 7
2602 9 0 8
2603 0 2 6
2604 9 10 8
2605 11 10 10
2606 13 1 1
2607 1 5 2
2608 7 3 4
2609 10 7 1
2610 5 1 1
2611 15 7 8
2612 16 7 2
2613 13 8 7
2614 11 10 0
2615 7 8 3
2616 14 4 1
2617 18 3 0
2618 7 6 0
2619 11 0 0
2620 0 9 6
2621 8 3 3
2622 7 6 2
2623 16 6 2
2624 3 4 7
2625 1 8 1
2626 15 7 8
2627 13 9 0
2628 3 5 4
2629 5 1 0
2630 8 5 3
2631 10 1 3
2632 6 10 5
2633 13 7 6
2634 13 4 9
2635 6 2 4
2636 9 7 7
2637 4 0 5
2638 17 1 10
2639 4 5 6
2640 14 9 10
2641 17 9 7
2642 13 9 9
2643 4 1 1
2644 16 2 0
2645 14 2 0
2646 2 2 10
2647 8 3 3
2648 11 5 8
2649 14 7 10
2650 6 6 4
2651 14 2 4
2652 19 8 6
2653 19 0 4
2654 19 8 4
2655 20 4 1
2656 4 4 7
2657 7 1 10
2658 11 8 10
2659 0 5 0
2660 11 5 1
2661 4 3 0
2662 3 4 4
2663 6 2 7
2664 17 1 8
2665 5 0 6
2666 7 4 2
2667 13 4 6
2668 4 5 10
2669 16 4 2
2670 7 6 1
2671 6 10 2
2672 12 4 7
2673 3 6 6
2674 10 2 4
2675 8 5 8
2676 12 0 8
2677 16 8 1
2678 20 5 6
2679 9 9 6
2680 2 7 2
2681 3 6 4
2682 14 2 3
2683 2 8 0
2684 15 8 1
2685 19 2 6
2686 18 1 7
2687 5 1 7
2688 19 2 8
2689 13 5 6
2690 8 5 2
2691 12 8 0
2692 9 8 7
2693 9 3 1
2694 4 5 2
2695 14 5 7
2696 4 5 10
2697 9 6 6
2698 7 10 6
2699 13 1 1
2700 7 9 9
2701 12 2 9
2702 5 2 0
2703 3 8 9
2704 14 5 6
2705 0 4 2
2706 10 0 2
2707 7 2 5
2708 1 10 7
2709 5 0 2
2710 7 10 5
2711 4 0 5
2712 3 3 9
2713 10 0 3
2714 18 6 3
2715 18 10 2
2716 17 2 1
2717 19 8 9
2718 2 5 4
2719 18 10 1
2720 15 6 8
2721 11 4 4
2722 18 5 0
2723 11 1 2
2724 17 9 4
2725 20 3 6
2726 9 3 3
2727 17 7 9
2728 14 10 0
2729 3 7 8
2730 19 2 3
2731 10 9 8
2732 6 10 3
2733 8 3 5
2734 9 8 4
2735 0 8 7
2736 13 9 2
2737 4 7 8
2738 12 2 7
2739 14 4 9
2740 15 6 10
2741 0 7 7
2742 2 7 10
2743 16 5 0
2744 13 3 6
2745 7 10 5
2746 0 4 8
2747 17 4 8
2748 3 10 8
2749 4 5 5
2750 3 2 8
2751 1 10 5
2752 0 6 9
2753 7 9 9
2754 13 4 4
2755 10 8 8
2756 7 3 1
2757 3 4 2
2758 0 3 10
2759 5 8 9
2760 12 7 7
2761 5 9 2
2762 19 4 1
2763 16 0 9
2764 11 9 9
2765 0 9 1
2766 12 1 8
2767 20 3 2
2768 14 3 9
2769 17 3 5
2770 4 9 2
2771 4 2 3
2772 5 7 4
2773 11 7 10
2774 5 6 9
2775 6 3 5
2776 18 5 10
2777 16 4 9
2778 17 9 0
2779 10 4 6
2780 6 3 6
2781 14 3 3
2782 0 10 7
2783 19 8 3
2784 9 2 4
2785 5 8 3
2786 8 4 9
2787 4 3 10
2788 1 0 1
2789 19 10 4
2790 9 2 4
2791 6 3 7
2792 12 9 6
2793 15 2 3
2794 0 10 7
2795 9 10 6
2796 20 7 7
2797 3 6 7
2798 0 1 2
2799 15 10 3
2800 14 0 4
2801 0 5 9
2802 13 4 5
2803 19 7 1
2804 11 1 6
2805 16 1 8
2806 9 7 6
2807 10 1 9
2808 19 1 9
2809 13 6 7
2810 6 1 8
2811 14 8 8
2812 0 4 1
2813 12 6 5
2814 0 1 1
2815 11 8 10
2816 17 5 8
2817 12 0 4
2818 20 5 5
2819 8 5 1
2820 7 3 8
2821 15 6 2
2822 12 0 0
2823 7 3 0
2824 13 0 2
2825 7 2 4
2826 15 5 7
2827 1 8 5
2828 11 9 10
2829 0 3 3
2830 5 4 9
2831 15 6 7
2832 6 5 5
2833 19 4 6
2834 3 8 3
2835 10 10 1
2836 2 7 3
2837 12 10 2
2838 1 0 0
2839 19 4 4
2840 19 0 3
2841 3 10 9
2842 6 1 2
2843 18 2 8
2844 20 10 6
2845 14 10 6
2846 12 1 1
2847 12 5 8
2848 18 2 3
2849 3 1 8
2850 20 7 3
2851 13 9 6
2852 12 4 4
2853 16 9 3
2854 15 0 2
2855 15 3 10
2856 9 5 2
2857 1 10 1
2858 16 1 3
2859 16 2 4
2860 17 10 4
2861 13 9 4
2862 13 3 0
2863 7 2 5
2864 8 9 0
2865 17 2 0
2866 3 2 10
2867 0 4 4
2868 16 3 6
2869 0 5 0
2870 13 1 2
2871 14 2 2
2872 18 7 3
2873 11 1 2
2874 19 1 7
2875 15 3 6
2876 4 1 9
2877 13 3 9
2878 20 7 3
2879 2 0 9
2880 20 4 9
2881 0 1 0
2882 16 10 8
2883 16 8 0
2884 9 10 8
2885 8 4 2
2886 15 1 1
2887 20 4 2
2888 15 3 6
2889 16 1 2
2890 3 8 8
2891 1 1 0
2892 3 4 8
2893 7 9 2
2894 4 0 3
2895 13 5 10
2896 7 1 1
2897 10 3 1
2898 9 9 10
2899 11 8 5
2900 11 10 9
2901 19 7 0
2902 7 7 3
2903 1 7 4
2904 11 6 10
2905 1 3 8
2906 18 5 4
2907 7 8 4
2908 1 10 2
2909 2 1 3
2910 8 9 1
2911 12 7 7
2912 1 4 8
2913 6 10 6
2914 15 6 5
2915 1 0 1
2916 2 0 6
2917 8 5 4
2918 20 0 3
2919 5 0 4
2920 16 5 4
2921 15 8 8
2922 3 0 7
2923 19 3 2
2924 15 5 1
2925 13 2 4
2926 3 6 1
2927 15 8 10
2928 15 8 10
2929 12 1 9
2930 20 7 3
2931 7 5 0
2932 7 0 10
2933 15 10 0
2934 2 5 4
2935 11 3 10
2936 5 3 1
2937 4 1 1
2938 16 1 4
2939 12 2 3
2940 7 9 3
2941 5 9 6
2942 8 1 6
2943 9 9 1
2944 15 5 10
2945 13 5 9
2946 2 5 4
2947 19 6 4
2948 6 3 8
2949 11 6 4
2950 8 9 5
2951 15 0 9
2952 0 8 2
2953 16 3 10
2954 3 0 3
2955 18 8 0
2956 18 6 5
2957 10 0 1
2958 2 7 10
2959 11 4 0
2960 12 2 3
2961 14 6 8
2962 3 2 1
2963 13 10 9
2964 9 4 8
2965 7 4 7
2966 17 7 5
2967 13 5 1
2968 10 6 4
2969 9 6 5
2970 15 10 0
2971 0 8 5
2972 17 0 3
2973 2 6 2
2974 15 2 9
2975 2 4 6
2976 3 10 8
2977 15 8 10
2978 1 5 8
2979 15 6 10
2980 5 5 7
2981 12 10 10
2982 6 7 0
2983 2 4 8
2984 6 7 9
2985 6 4 9
2986 17 8 10
2987 7 3 3
2988 3 8 10
2989 18 2 3
2990 11 6 6
2991 4 6 8
2992 10 4 2
2993 5 10 1
2994 20 9 3
2995 15 0 1
2996 17 6 2
2997 18 7 3
2998 1 6 7
2999 11 0 6
3000 12 2 3
3001 16 6 9
3002 3 6 6
3003 7 3 7
3004 12 0 0
3005 20 8 4
3006 16 6 0
3007 17 1 2
3008 12 7 1
3009 9 5 2
3010 8 9 4
3011 9 8 6
3012 17 4 1
3013 18 0 9
3014 14 10 1
3015 2 3 0
3016 13 5 2
3017 11 2 9
3018 9 2 1
3019 9 4 10
3020 12 3 9
3021 7 6 8
3022 12 8 3
3023 6 2 6
3024 8 8 1
3025 15 5 8
3026 12 1 2
3027 12 8 1
3028 13 1 3
3029 17 7 2
3030 15 3 1
3031 17 6 9
3032 20 7 2
3033 15 9 5
3034 2 9 4
3035 11 2 8
3036 19 10 10
3037 19 7 8
3038 20 4 2
3039 15 3 3
3040 0 3 0
3041 8 3 2
3042 19 10 10
3043 11 9 3
3044 6 7 1
3045 11 4 6
3046 15 4 5
3047 14 2 8
3048 11 2 1
3049 4 2 7
3050 0 5 5
3051 11 2 10
3052 3 6 7
3053 9 5 10
3054 16 2 10
3055 18 7 9
3056 14 8 10
3057 2 1 9
3058 16 5 1
3059 8 2 1
3060 17 10 2
3061 10 0 1
3062 17 10 10
3063 20 1 5
3064 12 1 1
3065 6 3 10
3066 6 4 7
3067 20 6 3
3068 8 6 7
3069 9 3 1
3070 13 10 0
3071 20 0 0
3072 4 5 0
3073 19 7 10
3074 5 5 4
3075 13 6 10
3076 4 10 7
3077 3 6 8
3078 9 8 1
3079 7 7 3
3080 11 6 9
3081 1 0 4
3082 1 7 0
3083 11 5 0
3084 9 3 7
3085 11 10 1
3086 9 7 4
3087 14 2 7
3088 16 0 7
3089 5 3 2
3090 4 2 1
3091 9 4 9
3092 16 2 7
3093 9 1 2
3094 13 4 7
3095 10 4 5
3096 5 2 5
3097 18 5 1
3098 8 8 1
3099 6 5 1
3100 18 6 1
3101 8 9 1
3102 7 4 0
3103 0 6 8
3104 16 3 6
3105 17 10 2
3106 10 4 8
3107 8 5 1
3108 3 10 9
3109 2 8 3
3110 14 6 4
3111 1 2 8
3112 11 10 3
3113 19 8 3
3114 17 8 5
3115 0 1 2
3116 12 7 8
3117 7 4 8
3118 3 5 4
3119 15 3 8
3120 11 2 2
3121 17 4 0
3122 19 8 6
3123 4 8 5
3124 20 4 6
3125 15 5 6
3126 10 9 9
3127 17 10 2
3128 8 8 1
3129 8 7 8
3130 19 7 0
3131 15 6 5
3132 9 10 9
3133 9 8 1
3134 13 9 9
3135 1 7 1
3136 12 8 8
3137 20 0 10
3138 3 1 8
3139 7 6 7
3140 0 7 7
3141 0 1 4
3142 1 2 10
3143 11 6 5
3144 19 0 8
3145 19 2 8
3146 16 10 0
3147 18 9 10
3148 0 3 10
3149 1 0 7
3150 8 3 0
3151 19 10 4
3152 11 10 0
3153 9 2 1
3154 4 8 1
3155 7 10 2
3156 9 0 10
3157 11 6 10
3158 11 2 6
3159 19 9 1
3160 19 2 6
3161 13 2 7
3162 9 10 1
3163 9 3 7
3164 17 1 2
3165 18 5 0
3166 2 2 4
3167 2 7 10
3168 9 7 5
3169 9 4 6
3170 1 10 7
3171 10 8 3
3172 3 1 7
3173 6 5 3
3174 16 6 1
3175 0 1 2
3176 13 8 4
3177 14 1 9
3178 15 3 4
3179 1 9 6
3180 0 3 0
3181 8 10 1
3182 6 5 3
3183 18 10 6
3184 13 8 7
3185 6 0 7
3186 8 3 9
3187 6 0 5
3188 14 0 10
3189 10 8 3
3190 4 10 2
3191 15 3 5
3192 11 5 4
3193 4 1 5
3194 8 9 9
3195 19 6 1
3196 6 8 8
3197 10 2 0
3198 13 3 4
3199 16 6 3
3200 12 5 3
3201 7 2 1
3202 17 9 4
3203 15 1 2
3204 7 4 7
3205 16 6 9
3206 6 6 8
3207 15 10 9
3208 18 3 8
3209 19 8 8
3210 0 8 4
3211 3 9 1
3212 12 5 4
3213 13 8 9
3214 14 7 1
3215 2 2 8
3216 18 7 10
3217 12 1 3
3218 17 2 6
3219 17 7 7
3220 11 7 10
3221 4 10 9
3222 1 10 0
3223 15 7 8
3224 13 7 9
3225 7 7 3
3226 14 0 4
3227 2 7 4
3228 10 4 5
3229 15 1 2
3230 11 4 7
3231 6 10 10
3232 1 4 7
3233 4 3 1
3234 6 7 4
3235 16 2 2
3236 5 0 2
3237 7 9 2
3238 17 9 1
3239 4 1 9
3240 5 8 9
3241 17 1 7
3242 9 5 9
3243 8 6 5
3244 14 9 8
3245 5 7 8
3246 2 2 0
3247 12 10 4
3248 3 3 10
3249 11 0 4
3250 13 2 1
3251 3 8 10
3252 10 2 7
3253 11 3 8
3254 13 1 8
3255 4 1 3
3256 16 6 0
3257 10 7 5
3258 9 7 7
3259 0 3 0
3260 13 2 7
3261 8 2 2
3262 9 2 3
3263 5 8 1
3264 2 5 8
3265 13 9 10
3266 6 6 1
3267 5 5 4
3268 2 6 0
3269 16 9 7
3270 0 6 6
3271 0 0 0
3272 7 10 5
3273 1 5 5
3274 18 2 6
3275 6 10 2
3276 5 5 10
3277 11 8 8
3278 4 1 9
3279 6 0 7
3280 14 7 4
3281 10 8 1
3282 16 0 4
3283 12 10 2
3284 8 2 9
3285 17 0 7
3286 0 9 0
3287 17 0 2
3288 9 6 2
3289 19 0 0
3290 12 9 9
3291 20 10 5
3292 18 2 9
3293 11 8 9
3294 9 4 10
3295 20 7 4
3296 20 7 2
3297 15 7 4
3298 4 8 4
3299 6 8 0
3300 19 8 4
3301 5 9 7
3302 12 4 4
3303 4 9 5
3304 4 8 4
3305 14 4 0
3306 0 0 5
3307 17 7 4
3308 2 10 5
3309 2 8 8
3310 12 3 0
3311 1 2 6
3312 13 9 3
3313 4 1 7
3314 7 4 2
3315 18 10 9
3316 10 10 9
3317 0 1 8
3318 5 8 10
3319 12 6 10
3320 14 10 1
3321 16 8 6
3322 13 8 2
3323 7 4 4
3324 18 4 3
3325 10 9 2
3326 12 7 6
3327 2 5 3
3328 18 4 1
3329 3 3 5
3330 2 3 1
3331 18 10 4
3332 1 9 10
3333 1 5 1
3334 15 2 6
3335 9 1 5
3336 19 1 7
3337 0 9 8
3338 2 6 1
3339 12 2 3
3340 15 2 9
3341 7 10 6
3342 7 4 7
3343 19 3 5
3344 11 7 1
3345 6 3 7
3346 11 9 4
3347 19 10 8
3348 0 8 7
3349 18 7 10
3350 13 5 7
3351 18 5 6
3352 6 4 3
3353 11 1 0
3354 9 2 7
3355 15 6 6
3356 11 3 7
3357 18 2 6
3358 18 4 8
3359 4 2 3
3360 0 10 3
3361 9 1 1
3362 7 1 2
3363 19 9 1
3364 4 5 6
3365 19 10 2
3366 12 0 2
3367 15 10 1
3368 19 6 5
3369 13 1 1
3370 0 7 6
3371 14 8 5
3372 9 0 7
3373 8 6 3
3374 15 9 7
3375 0 6 2
3376 8 2 6
3377 8 2 3
3378 15 8 3
3379 18 10 10
3380 3 7 4
3381 20 7 3
3382 5 9 5
3383 1 8 0
3384 19 3 10
3385 8 8 3
3386 1 7 9
3387 3 7 10
3388 5 6 7
3389 9 3 5
3390 10 1 1
3391 3 9 1
3392 16 0 6
3393 9 1 7
3394 5 5 7
3395 3 3 10
3396 10 6 10
3397 16 4 10
3398 6 1 1
3399 17 7 5
3400 10 1 2
3401 20 2 4
3402 2 0 5
3403 19 10 6
3404 12 0 3
3405 7 2 8
3406 2 9 3
3407 6 5 0
3408 10 7 6
3409 5 9 7
3410 10 7 8
3411 7 2 5
3412 16 9 8
3413 6 6 4
3414 19 8 0
3415 19 4 0
3416 14 1 9
3417 7 9 10
3418 5 1 6
3419 9 5 9
3420 9 10 6
3421 8 10 9
3422 9 8 4
3423 17 0 8
3424 15 4 6
3425 6 2 0
3426 17 9 3
3427 13 8 1
3428 15 5 1
3429 13 9 6
3430 18 10 3
3431 18 5 4
3432 20 8 5
3433 3 7 2
3434 13 0 5
3435 7 6 9
3436 16 0 7
3437 16 7 9
3438 17 3 0
3439 12 10 3
3440 19 2 3
3441 15 8 9
3442 16 6 5
3443 4 8 2
3444 6 1 3
3445 5 6 7
3446 8 4 7
3447 12 2 1
3448 3 6 0
3449 16 2 5
3450 10 9 0
3451 0 10 3
3452 11 10 5
3453 18 2 5
3454 14 8 4
3455 4 0 8
3456 14 10 8
3457 16 9 8
3458 3 8 6
3459 3 1 7
3460 6 9 9
3461 15 1 6
3462 19 4 5
3463 5 8 10
3464 3 0 1
3465 20 8 1
3466 11 4 4
3467 4 5 6
3468 7 3 1
3469 3 5 2
3470 3 5 4
3471 8 1 1
3472 3 5 8
3473 6 1 5
3474 18 4 10
3475 14 0 6
3476 15 1 9
3477 10 3 3
3478 2 3 0
3479 0 6 6
3480 5 1 3
3481 5 10 8
3482 0 3 8
3483 13 1 3
3484 11 9 5
3485 13 5 1
3486 5 9 9
3487 17 0 5
3488 16 10 4
3489 19 7 3
3490 10 6 0
3491 12 0 7
3492 16 4 2
3493 12 2 6
3494 11 1 4
3495 7 9 4
3496 14 0 1
3497 6 9 6
3498 7 0 1
3499 9 0 9
3500 4 3 7
3501 15 4 5
3502 5 9 3
3503 5 4 6
3504 14 9 2
3505 0 10 2
3506 9 7 10
3507 12 5 6
3508 20 7 7
3509 2 5 5
3510 0 6 5
3511 2 0 10
3512 17 5 9
3513 9 10 9
3514 17 1 7
3515 0 10 5
3516 9 10 5
3517 17 2 5
3518 11 5 5
3519 13 0 10
3520 9 5 1
3521 16 9 2
3522 16 4 9
3523 19 1 7
3524 4 9 5
3525 8 4 9
3526 4 9 4
3527 2 6 7
3528 5 8 5
3529 6 2 1
3530 4 3 8
3531 3 4 6
3532 18 9 9
3533 5 4 10
3534 11 9 9
3535 2 0 4
3536 3 9 4
3537 8 7 7
3538 15 2 3
3539 9 8 10
3540 15 0 0
3541 8 0 4
3542 4 0 8
3543 12 8 8
3544 8 0 1
3545 10 6 10
3546 11 6 2
3547 12 3 0
3548 3 10 8
3549 10 1 3
3550 13 4 10
3551 14 10 5
3552 5 7 2
3553 1 1 1
3554 18 10 2
3555 5 1 0
3556 3 6 5
3557 1 2 6
3558 19 7 10
3559 17 8 0
3560 2 2 0
3561 14 10 2
3562 16 2 5
3563 9 9 2
3564 12 8 0
3565 10 10 6
3566 3 9 0
3567 5 3 8
3568 19 3 0
3569 15 9 8
3570 9 2 10
3571 1 6 4
3572 19 9 9
3573 2 5 5
3574 10 5 2
3575 2 3 8
3576 15 4 4
3577 10 5 5
3578 4 5 8
3579 14 10 4
3580 9 0 10
3581 16 6 1
3582 18 10 4
3583 17 8 8
3584 10 9 6
3585 14 8 4
3586 2 3 6
3587 19 2 1
3588 11 7 8
3589 18 2 5
3590 15 1 5
3591 5 6 10
3592 19 5 0
3593 11 4 0
3594 5 4 7
3595 1 9 10
3596 1 0 5
3597 16 10 7
3598 15 1 3
3599 15 1 8
3600 17 0 8
3601 10 5 0
3602 3 5 5
3603 5 4 1
3604 13 1 5
3605 7 7 3
3606 15 4 2
3607 16 5 10
3608 6 4 4
3609 16 1 6
3610 0 10 1
3611 19 0 10
3612 4 6 2
3613 0 2 9
3614 12 5 5
3615 7 6 2
3616 7 3 7
3617 20 0 4
3618 1 3 4
3619 5 9 2
3620 20 10 2
3621 16 9 6
3622 18 6 5
3623 13 10 1
3624 17 4 6
3625 18 9 9
3626 13 7 10
3627 8 0 7
3628 17 10 7
3629 0 4 2
3630 0 1 1
3631 19 3 7
3632 11 5 10
3633 0 7 10
3634 18 8 0
3635 16 6 10
3636 7 6 8
3637 2 9 7
3638 16 1 9
3639 9 9 3
3640 2 2 10
3641 4 1 4
3642 4 5 9
3643 1 0 7
3644 5 8 8
3645 2 1 9
3646 13 1 9
3647 20 6 4
3648 10 2 8
3649 1 1 4
3650 11 8 6
3651 19 5 4
3652 6 6 4
3653 12 10 5
3654 19 8 6
3655 15 8 8
3656 16 1 2
3657 10 9 5
3658 6 3 6
3659 2 10 5
3660 6 0 4
3661 3 1 10
3662 13 7 3
3663 14 8 6
3664 20 0 3
3665 11 9 8
3666 14 6 2
3667 19 5 1
3668 0 1 7
3669 9 5 8
3670 0 8 1
3671 4 1 0
3672 4 8 6
3673 9 2 6
3674 7 6 2
3675 13 9 3
3676 0 4 1
3677 6 2 6
3678 10 9 0
3679 6 3 3
3680 14 2 6
3681 16 5 10
3682 12 4 5
3683 13 5 10
3684 3 10 1
3685 9 0 4
3686 20 3 1
3687 3 6 4
3688 19 1 9
3689 11 3 4
3690 9 0 3
3691 11 10 5
3692 5 10 5
3693 5 4 8
3694 3 9 2
3695 5 8 2
3696 0 9 10
3697 17 3 3
3698 7 4 1
3699 2 7 2
3700 10 6 8
3701 4 4 3
3702 19 2 2
3703 6 4 6
3704 14 5 0
3705 9 3 4
3706 5 8 10
3707 9 6 0
3708 11 10 8
3709 3 1 1
3710 4 9 5
3711 11 6 1
3712 8 6 6
3713 13 8 9
3714 20 0 5
3715 7 10 10
3716 11 3 6
3717 14 3 8
3718 1 0 2
3719 2 9 5
3720 9 7 0
3721 10 7 0
3722 14 5 8
3723 20 1 0
3724 10 5 5
3725 6 5 8
3726 11 3 5
3727 13 4 10
3728 0 9 8
3729 18 3 9
3730 7 4 7
3731 12 5 10
3732 12 3 6
3733 3 10 4
3734 18 9 2
3735 15 5 8
3736 0 7 3
3737 4 9 10
3738 3 0 10
3739 5 10 8
3740 4 6 2
3741 0 3 3
3742 16 3 5
3743 12 3 7
3744 9 4 10
3745 0 1 6
3746 5 1 8
3747 4 4 9
3748 7 3 5
3749 14 9 0
3750 2 7 9
3751 18 10 4
3752 1 8 4
3753 4 3 3
3754 4 8 5
3755 5 4 6
3756 9 3 4
3757 20 0 9
3758 17 7 3
3759 17 4 10
3760 1 2 10
3761 8 0 3
3762 20 7 5
3763 15 0 0
3764 15 8 5
3765 8 9 10
3766 12 3 6
3767 3 4 0
3768 8 6 5
3769 3 0 8
3770 20 8 9
3771 2 5 10
3772 19 0 2
3773 17 1 6
3774 20 4 2
3775 20 3 10
3776 4 3 10
3777 0 5 2
3778 12 3 10
3779 3 8 4
3780 12 9 9
3781 3 6 8
3782 16 9 7
3783 20 1 10
3784 15 8 3
3785 17 4 9
3786 20 1 0
3787 13 2 4
3788 12 8 9
3789 16 1 6
3790 9 2 9
3791 18 3 3
3792 13 6 6
3793 4 3 8
3794 0 0 0
3795 12 0 1
3796 18 9 8
3797 8 7 8
3798 0 8 10
3799 20 7 5
3800 19 3 1
3801 19 7 7
3802 15 5 10
3803 13 5 7
3804 17 8 2
3805 16 5 3
3806 17 7 8
3807 13 4 4
3808 7 5 8
3809 9 7 2
3810 17 10 5
3811 18 4 6
3812 9 4 9
3813 15 3 9
3814 10 5 10
3815 14 10 3
3816 15 2 7
3817 11 1 2
3818 12 5 3
3819 5 9 6
3820 6 1 1
3821 7 1 2
3822 14 4 2
3823 7 7 0
3824 13 5 2
3825 11 8 2
3826 19 5 8
3827 7 4 0
3828 20 10 2
3829 20 10 3
3830 8 3 1
3831 15 5 5
3832 11 7 7
3833 16 0 5
3834 2 0 6
3835 9 4 2
3836 15 6 5
3837 19 10 2
3838 3 9 6
3839 9 9 0
3840 4 1 3
3841 9 2 4
3842 2 8 2
3843 8 5 2
3844 20 9 10
3845 5 8 0
3846 14 5 1
3847 8 1 3
3848 11 0 1
3849 17 3 2
3850 20 7 4
3851 3 7 8
3852 19 6 5
3853 20 1 8
3854 14 0 6
3855 19 3 0
3856 8 10 10
3857 10 5 6
3858 0 5 10
3859 13 0 10
3860 14 10 7
3861 2 9 10
3862 5 3 3
3863 16 9 8
3864 1 10 1
3865 2 3 9
3866 3 7 6
3867 18 5 4
3868 13 2 9
3869 5 8 9
3870 17 10 3
3871 10 2 4
3872 16 4 9
3873 13 8 8
3874 18 10 0
3875 11 5 0
3876 10 4 1
3877 17 2 7
3878 15 8 0
3879 0 2 5
3880 2 9 6
3881 9 7 3
3882 6 2 2
3883 20 7 8
3884 15 9 1
3885 14 3 0
3886 3 10 4
3887 10 4 2
3888 9 3 8
3889 7 3 4
3890 19 9 5
3891 16 5 9
3892 0 4 7
3893 19 1 8
3894 1 9 1
3895 12 10 3
3896 19 0 1
3897 3 4 6
3898 11 9 9
3899 14 4 4
3900 12 8 10
3901 12 0 10
3902 16 5 9
3903 6 9 0
3904 4 2 2
3905 4 8 1
3906 11 3 7
3907 18 1 9
3908 8 3 2
3909 18 5 4
3910 9 1 5
3911 13 0 2
3912 5 10 10
3913 5 9 5
3914 9 2 7
3915 16 10 7
3916 3 8 7
3917 8 0 5
3918 17 1 2
3919 7 2 8
3920 19 3 2
3921 0 6 10
3922 9 0 0
3923 5 6 6
3924 16 4 4
3925 16 4 7
3926 2 6 8
3927 9 6 8
3928 19 5 1
3929 2 2 9
3930 5 10 4
3931 6 8 7
3932 7 9 1
3933 16 9 0
3934 0 3 9
3935 20 6 1
3936 12 4 9
3937 3 0 7
3938 13 3 3
3939 19 8 10
3940 3 1 8
3941 16 0 4
3942 17 4 10
3943 2 9 9
3944 5 0 10
3945 12 3 9
3946 16 4 2
3947 20 10 2
3948 9 0 9
3949 16 4 4
3950 5 1 8
3951 12 0 1
3952 11 6 10
3953 19 2 7
3954 10 3 0
3955 12 3 9
3956 12 0 3
3957 15 8 6
3958 8 8 1
3959 11 0 10
3960 12 4 8
3961 7 4 9
3962 0 1 9
3963 7 2 0
3964 6 9 0
3965 17 7 4
3966 8 0 3
3967 19 0 9
3968 10 1 4
3969 13 0 5
3970 17 2 6
3971 12 8 4
3972 0 4 6
3973 20 9 0
3974 17 7 4
3975 1 5 1
3976 19 2 5
3977 2 9 1
3978 2 2 0
3979 18 2 2
3980 12 4 5
3981 8 6 3
3982 6 6 4
3983 20 9 10
3984 16 10 2
3985 11 1 0
3986 9 7 9
3987 16 7 1
3988 20 6 1
3989 15 6 2
3990 15 6 8
3991 3 1 9
3992 8 6 4
3993 15 7 10
3994 17 3 3
3995 17 4 3
3996 12 3 6
3997 2 2 9
3998 1 5 7
3999 10 0 10
4000 11 6 4
4001 8 2 6
4002 9 6 7
4003 7 6 2
4004 11 9 2
4005 5 7 9
4006 3 10 7
4007 5 8 4
4008 5 10 2
4009 9 6 8
4010 0 8 9
4011 3 7 7
4012 17 7 3
4013 9 0 7
4014 4 2 5
4015 10 1 8
4016 13 6 7
4017 18 2 6
4018 3 9 0
4019 15 8 3
4020 20 4 0
4021 0 10 10
4022 12 7 1
4023 3 6 6
4024 19 3 4
4025 8 6 0
4026 3 0 9
4027 7 0 1
4028 14 2 2
4029 9 6 7
4030 17 2 7
4031 12 4 1
4032 5 3 9
4033 17 7 0
4034 1 2 3
4035 13 0 1
4036 1 7 6
4037 3 6 2
4038 3 0 9
4039 14 0 1
4040 16 0 9
4041 7 7 8
4042 20 8 8
4043 19 0 10
4044 1 9 2
4045 18 10 6
4046 18 9 2
4047 7 0 2
4048 17 3 0
4049 5 6 6
4050 7 0 8
4051 20 8 1
4052 6 5 8
4053 14 8 2
4054 18 2 4
4055 17 7 7
4056 17 5 5
4057 16 6 0
4058 18 3 0
4059 6 1 10
4060 10 9 7
4061 12 1 2
4062 8 10 6
4063 4 4 9
4064 10 9 5
4065 10 1 3
4066 10 3 5
4067 0 6 5
4068 9 2 2
4069 16 8 6
4070 11 1 7
4071 17 8 3
4072 20 0 6
4073 8 9 4
4074 1 8 4
4075 8 10 9
4076 8 8 6
4077 4 9 3
4078 17 2 5
4079 2 4 10
4080 6 9 8
4081 7 10 5
4082 7 4 3
4083 18 6 5
4084 16 7 2
4085 6 0 9
4086 8 7 3
4087 13 3 9
4088 5 8 1
4089 18 0 2
4090 1 6 6
4091 17 9 2
4092 3 0 1
4093 18 2 8
4094 3 7 10
4095 14 3 10
4096 19 3 2
4097 20 6 8
4098 8 7 7
4099 16 9 0
4100 0 7 1
4101 4 6 2
4102 14 6 2
4103 6 6 8
4104 4 7 4
4105 17 9 5
4106 6 4 6
4107 20 5 10
4108 4 8 7
4109 17 0 2
4110 12 9 4
4111 10 5 7
4112 10 10 0
4113 13 7 8
4114 8 7 6
4115 15 5 7
4116 3 5 10
4117 13 7 9
4118 2 7 0
4119 8 5 4
4120 18 0 2
4121 16 9 6
4122 3 0 3
4123 12 7 3
4124 8 4 6
4125 9 6 9
4126 10 7 5
4127 12 5 4
4128 19 2 2
4129 14 0 10
4130 17 6 8
4131 17 4 8
4132 12 1 8
4133 3 10 3
4134 1 3 0
4135 20 6 6
4136 7 0 4
4137 14 7 9
4138 0 6 4
4139 9 8 2
4140 3 0 4
4141 15 2 0
4142 8 2 2
4143 2 7 6
4144 20 8 5
4145 18 9 7
4146 7 9 7
4147 14 9 6
4148 12 6 3
4149 18 5 8
4150 4 1 10
4151 9 6 6
4152 7 5 9
4153 13 9 7
4154 8 6 10
4155 18 10 3
4156 15 9 4
4157 6 9 8
4158 11 6 3
4159 2 5 10
4160 17 3 3
4161 9 3 2
4162 16 10 5
4163 11 4 7
4164 11 5 2
4165 20 7 1
4166 8 0 7
4167 1 6 7
4168 15 2 1
4169 9 6 9
4170 17 3 5
4171 6 9 7
4172 19 10 9
4173 6 7 4
4174 17 1 7
4175 11 5 8
4176 10 8 3
4177 18 10 6
4178 13 6 5
4179 20 9 0
4180 9 2 1
4181 16 4 1
4182 9 0 8
4183 9 6 10
4184 20 8 6
4185 19 3 0
4186 0 7 4
4187 11 1 1
4188 17 6 3
4189 5 10 0
4190 6 5 4
4191 0 1 6
4192 16 4 10
4193 8 4 3
4194 0 9 4
4195 0 4 6
4196 4 2 2
4197 16 5 2
4198 0 1 1
4199 2 7 1
4200 8 2 3
4201 20 9 1
4202 3 2 5
4203 9 8 10
4204 5 6 6
4205 4 5 5
4206 20 1 0
4207 6 8 6
4208 6 7 6
4209 15 2 1
4210 17 7 10
4211 9 4 7
4212 18 7 1
4213 1 1 2
4214 18 7 10
4215 20 2 9
4216 11 0 0
4217 19 0 9
4218 9 8 5
4219 11 5 1
4220 2 7 0
4221 11 3 1
4222 3 8 9
4223 0 0 6
4224 17 4 0
4225 10 4 9
4226 4 3 3
4227 1 9 7
4228 13 4 5
4229 5 3 9
4230 14 6 8
4231 9 2 3
4232 6 8 6
4233 1 3 8
4234 15 1 6
4235 0 3 6
4236 13 3 10
4237 6 8 4
4238 20 4 5
4239 6 7 2
4240 19 10 7
4241 18 8 3
4242 6 4 0
4243 19 7 4
4244 16 8 8
4245 7 8 3
4246 1 7 7
4247 18 3 10
4248 2 0 4
4249 4 9 5
4250 0 7 3
4251 1 1 5
4252 20 2 10
4253 9 2 2
4254 4 0 7
4255 19 5 4
4256 15 2 6
4257 7 7 10
4258 17 10 8
4259 14 5 10
4260 1 6 3
4261 3 3 4
4262 11 6 9
4263 8 2 3
4264 19 9 5
4265 15 1 8
4266 6 1 4
4267 12 0 0
4268 16 2 5
4269 14 0 0
4270 7 0 10
4271 8 1 6
4272 19 7 1
4273 10 6 6
4274 17 2 10
4275 16 5 10
4276 11 2 9
4277 11 0 2
4278 1 7 10
4279 14 7 10
4280 9 3 0
4281 11 7 1
4282 14 7 9
4283 16 4 10
4284 15 7 9
4285 13 1 1
4286 14 1 3
4287 13 3 9
4288 6 1 3
4289 2 4 7
4290 12 2 7
4291 0 8 0
4292 0 7 4
4293 10 8 8
4294 5 9 4
4295 13 8 4
4296 12 7 6
4297 15 2 5
4298 10 9 8
4299 14 1 8
4300 9 7 9
4301 10 2 1
4302 7 1 3
4303 15 0 0
4304 11 10 9
4305 12 3 0
4306 0 2 3
4307 6 9 3
4308 10 10 2
4309 0 1 5
4310 15 1 3
4311 11 5 5
4312 14 5 3
4313 14 3 3
4314 5 6 3
4315 3 3 8
4316 14 9 3
4317 8 0 3
4318 14 5 2
4319 9 0 4
4320 5 6 2
4321 6 4 7
4322 15 10 8
4323 6 10 9
4324 1 7 0
4325 17 1 10
4326 0 10 10
4327 13 0 4
4328 8 2 5
4329 5 10 9
4330 9 3 1
4331 16 8 0
4332 10 3 2
4333 9 8 10
4334 15 9 9
4335 15 9 9
4336 17 5 6
4337 12 0 6
4338 17 10 7
4339 6 4 7
4340 7 8 9
4341 4 6 3
4342 10 8 3
4343 10 3 6
4344 13 6 5
4345 9 1 3
4346 6 2 1
4347 1 2 0
4348 2 8 3
4349 5 2 5
4350 17 6 10
4351 14 3 9
4352 13 2 10
4353 13 1 5
4354 5 0 9
4355 2 2 8
4356 16 8 8
4357 12 1 4
4358 11 7 0
4359 2 5 4
4360 15 8 5
4361 17 8 8
4362 5 3 8
4363 12 6 8
4364 18 10 6
4365 5 3 3
4366 13 8 3
4367 18 3 0
4368 12 6 7
4369 7 5 8
4370 12 2 2
4371 10 3 0
4372 4 2 8
4373 16 0 9
4374 1 5 7
4375 19 3 7
4376 10 2 4
4377 15 9 6
4378 11 6 7
4379 2 4 1
4380 11 5 0
4381 6 0 0
4382 9 7 0
4383 7 5 10
4384 15 2 2
4385 13 5 8
4386 17 6 4
4387 18 4 6
4388 11 9 1
4389 0 5 10
4390 16 5 10
4391 4 1 5
4392 15 7 2
4393 20 10 9
4394 7 8 6
4395 19 2 10
4396 1 4 8
4397 9 0 3
4398 4 8 0
4399 1 10 2
4400 16 4 9
4401 7 6 1
4402 3 0 5
4403 0 0 1
4404 18 4 6
4405 1 5 0
4406 3 9 10
4407 7 1 4
4408 0 4 10
4409 4 4 1
4410 20 1 3
4411 16 9 1
4412 19 3 5
4413 4 9 6
4414 13 3 0
4415 7 7 3
4416 3 9 9
4417 9 0 0
4418 13 0 6
4419 15 6 9
4420 0 0 7
4421 7 0 10
4422 8 2 7
4423 12 7 3
4424 5 4 2
4425 1 1 5
4426 7 9 9
4427 10 1 10
4428 9 2 6
4429 1 6 9
4430 6 2 1
4431 0 9 7
4432 19 5 6
4433 7 5 8
4434 1 10 8
4435 4 5 7
4436 14 1 4
4437 19 1 5
4438 10 10 8
4439 18 3 8
4440 19 3 6
4441 20 7 0
4442 10 0 6
4443 9 1 7
4444 0 6 8
4445 16 10 3
4446 17 1 10
4447 18 5 6
4448 16 4 6
4449 18 5 4
4450 14 5 8
4451 14 3 0
4452 7 8 9
4453 20 6 6
4454 15 6 0
4455 6 8 7
4456 0 5 6
4457 4 7 2
4458 14 10 0
4459 8 10 2
4460 1 4 5
4461 13 0 5
4462 17 1 7
4463 5 3 4
4464 6 2 0
4465 15 5 10
4466 11 8 2
4467 5 8 2
4468 2 5 10
4469 6 8 4
4470 14 8 10
4471 8 0 5
4472 17 1 10
4473 12 1 8
4474 2 7 0
4475 0 1 9
4476 19 9 0
4477 0 4 2
4478 1 8 0
4479 17 3 2
4480 5 6 3
4481 10 7 1
4482 12 5 10
4483 10 2 4
4484 8 9 5
4485 14 6 7
4486 5 7 4
4487 4 8 7
4488 13 1 9
4489 12 3 7
4490 11 3 9
4491 15 2 1
4492 17 9 5
4493 3 2 0
4494 3 8 1
4495 8 6 10
4496 18 2 10
4497 10 5 0
4498 20 7 10
4499 6 7 9
4500 14 8 4
4501 18 1 1
4502 11 2 5
4503 8 10 9
4504 12 9 10
4505 14 4 1
4506 0 2 2
4507 9 2 4
4508 2 10 5
4509 7 10 2
4510 3 3 10
4511 13 7 2
4512 3 0 8
4513 0 8 8
4514 9 3 10
4515 20 8 1
4516 17 5 0
4517 15 7 7
4518 3 5 9
4519 0 9 7
4520 13 10 0
4521 7 10 5
4522 9 10 2
4523 4 10 9
4524 15 6 4
4525 16 5 7
4526 19 7 5
4527 2 8 0
4528 1 1 7
4529 15 9 8
4530 2 6 3
4531 11 5 6
4532 14 8 2
4533 4 8 4
4534 20 6 5
4535 19 5 5
4536 8 9 3
4537 0 7 1
4538 16 9 8
4539 0 8 7
4540 12 3 7
4541 20 9 10
4542 17 8 6
4543 12 4 1
4544 4 0 4
4545 15 7 7
4546 16 5 3
4547 13 7 7
4548 16 1 4
4549 3 8 9
4550 15 2 7
4551 4 6 7
4552 14 3 1
4553 0 5 6
4554 4 8 1
4555 17 9 4
4556 16 0 7
4557 4 6 5
4558 4 10 4
4559 9 2 9
4560 14 10 3
4561 16 8 6
4562 2 0 8
4563 15 1 4
4564 2 3 9
4565 11 10 4
4566 11 8 2
4567 15 7 1
4568 13 4 0
4569 15 6 0
4570 12 10 0
4571 13 0 3
4572 12 9 10
4573 12 2 0
4574 14 0 10
4575 6 10 0
4576 12 1 6
4577 6 10 9
4578 19 2 8
4579 20 9 4
4580 19 5 1
4581 18 10 5
4582 20 9 2
4583 7 4 10
4584 7 4 9
4585 9 0 1
4586 7 10 0
4587 19 3 6
4588 11 4 6
4589 8 4 4
4590 17 5 5
4591 1 3 6
4592 7 3 9
4593 0 6 10
4594 9 1 7
4595 16 1 9
4596 14 8 3
4597 18 8 1
4598 12 5 6
4599 12 7 8
4600 0 6 0
4601 20 6 5
4602 9 5 6
4603 4 4 3
4604 9 8 8
4605 17 10 1
4606 1 2 4
4607 7 7 3
4608 1 10 3
4609 3 8 5
4610 15 2 1
4611 8 5 4
4612 9 0 10
4613 3 9 5
4614 18 2 9
4615 12 4 9
4616 4 9 4
4617 6 6 7
4618 1 1 7
4619 5 0 8
4620 7 4 8
4621 11 5 8
4622 17 9 5
4623 0 1 7
4624 18 1 1
4625 0 9 0
4626 17 6 8
4627 17 8 9
4628 12 9 4
4629 4 6 10
4630 7 8 2
4631 2 1 4
4632 2 3 7
4633 13 4 9
4634 7 2 1
4635 0 1 1
4636 8 4 1
4637 13 7 8
4638 14 3 5
4639 15 10 5
4640 4 5 8
4641 15 0 4
4642 3 6 0
4643 18 8 2
4644 17 7 2
4645 7 5 2
4646 3 5 1
4647 19 10 5
4648 6 3 9
4649 20 8 4
4650 15 4 1
4651 5 8 6
4652 12 2 9
4653 5 3 0
4654 4 9 4
4655 9 3 4
4656 8 8 4
4657 9 9 1
4658 11 3 9
4659 9 1 3
4660 17 9 2
4661 3 10 8
4662 18 6 2
4663 9 8 2
4664 20 1 7
4665 18 8 9
4666 8 2 0
4667 12 7 6
4668 1 10 3
4669 7 1 2
4670 13 9 10
4671 0 1 0
4672 10 3 0
4673 15 3 4
4674 11 2 10
4675 19 6 4
4676 16 10 9
4677 13 3 5
4678 14 4 1
4679 1 6 4
4680 0 2 6
4681 2 0 8
4682 4 4 4
4683 5 9 6
4684 4 6 5
4685 15 10 10
4686 14 2 4
4687 13 7 0
4688 8 9 9
4689 11 5 8
4690 7 6 5
4691 6 9 10
4692 4 5 7
4693 18 2 9
4694 3 4 6
4695 20 6 8
4696 16 6 2
4697 10 0 5
4698 18 0 10
4699 9 7 8
4700 7 6 8
4701 1 0 0
4702 2 3 3
4703 11 0 3
4704 11 6 8
4705 1 2 0
4706 14 5 2
4707 6 5 6
4708 14 10 7
4709 16 2 10
4710 3 6 0
4711 13 8 4
4712 17 6 9
4713 12 5 0
4714 16 0 5
4715 6 2 10
4716 17 0 8
4717 16 7 0
4718 14 4 4
4719 13 8 6
4720 0 8 10
4721 13 1 4
4722 4 8 10
4723 18 3 7
4724 18 6 0
4725 3 4 5
4726 15 10 1
4727 5 4 10
4728 8 4 2
4729 0 2 2
4730 16 8 4
4731 14 9 9
4732 13 10 9
4733 9 1 3
4734 19 1 0
4735 5 5 0
4736 4 7 10
4737 15 7 2
4738 1 7 5
4739 16 4 1
4740 3 5 8
4741 4 5 5
4742 7 5 5
4743 7 5 6
4744 2 7 5
4745 17 4 9
4746 9 7 9
4747 15 4 7
4748 4 9 9
4749 2 7 5
4750 17 10 10
4751 4 10 3
4752 17 8 5
4753 3 7 1
4754 12 3 1
4755 13 5 8
4756 0 10 4
4757 0 2 9
4758 17 2 10
4759 5 8 4
4760 7 10 10
4761 7 2 10
4762 3 5 9
4763 12 2 9
4764 13 0 8
4765 0 2 4
4766 2 9 9
4767 13 8 4
4768 4 10 6
4769 3 8 8
4770 3 0 10
4771 10 7 5
4772 17 8 2
4773 18 8 4
4774 9 6 3
4775 13 0 10
4776 19 10 5
4777 14 10 9
4778 10 5 8
4779 16 6 9
4780 11 4 5
4781 15 10 7
4782 17 9 9
4783 1 6 6
4784 1 5 6
4785 16 5 9
4786 2 1 10
4787 10 9 10
4788 11 5 0
4789 5 0 6
4790 4 3 3
4791 2 8 0
4792 6 6 0
4793 14 6 8
4794 15 4 9
4795 5 0 1
4796 17 10 6
4797 6 5 9
4798 18 5 6
4799 18 1 1
4800 19 2 3
4801 1 5 10
4802 12 2 9
4803 9 4 7
4804 19 9 3
4805 11 8 0
4806 2 9 8
4807 7 3 0
4808 13 4 9
4809 1 7 2
4810 9 2 5
4811 17 9 9
4812 16 5 9
4813 8 6 10
4814 8 7 0
4815 2 6 9
4816 19 3 7
4817 17 1 2
4818 9 9 2
4819 10 7 7
4820 15 6 1
4821 0 8 0
4822 16 9 1
4823 8 1 6
4824 6 10 2
4825 12 3 1
4826 2 9 6
4827 5 7 3
4828 3 10 8
4829 19 1 10
4830 11 6 2
4831 8 2 1
4832 4 1 3
4833 5 0 0
4834 5 10 6
4835 12 7 8
4836 9 10 7
4837 10 5 0
4838 14 4 0
4839 12 1 2
4840 17 2 8
4841 1 9 8
4842 14 10 8
4843 17 2 7
4844 5 9 3
4845 0 0 8
4846 18 8 10
4847 12 4 10
4848 13 2 2
4849 8 3 3
4850 14 10 3
4851 13 7 2
4852 4 9 1
4853 20 9 1
4854 16 2 8
4855 6 10 6
4856 13 9 1
4857 5 4 7
4858 0 6 2
4859 5 6 6
4860 7 2 4
4861 5 0 3
4862 11 6 10
4863 13 0 2
4864 6 8 7
4865 11 4 10
4866 2 8 10
4867 3 9 2
4868 17 0 1
4869 2 4 0
4870 17 4 10
4871 0 1 3
4872 10 6 3
4873 20 0 1
4874 7 2 3
4875 14 6 9
4876 9 2 3
4877 8 2 3
4878 17 1 10
4879 2 6 4
4880 13 0 8
4881 5 0 8
4882 7 6 10
4883 11 0 1
4884 2 3 4
4885 2 8 10
4886 3 0 8
4887 6 3 6
4888 9 10 4
4889 14 0 4
4890 16 1 2
4891 17 9 2
4892 7 2 10
4893 15 10 9
4894 7 9 0
4895 7 4 9
4896 18 3 4
4897 9 6 6
4898 7 8 8
4899 7 8 6
4900 17 4 4
4901 0 8 0
4902 11 2 4
4903 1 10 3
4904 4 4 2
4905 20 10 2
4906 12 8 8
4907 9 1 7
4908 3 0 4
4909 10 10 5
4910 16 4 8
4911 9 2 3
4912 13 5 7
4913 7 2 6
4914 14 0 9
4915 13 2 6
4916 16 1 5
4917 10 3 4
4918 10 4 3
4919 7 9 9
4920 12 6 2
4921 16 3 2
4922 15 9 5
4923 17 4 4
4924 8 5 9
4925 5 3 10
4926 4 10 8
4927 9 10 0
4928 5 9 3
4929 6 5 2
4930 18 9 7
4931 15 3 7
4932 9 4 8
4933 10 6 7
4934 0 6 6
4935 16 5 8
4936 16 2 6
4937 0 6 8
4938 5 3 6
4939 3 9 3
4940 14 5 5
4941 7 8 4
4942 9 6 9
4943 9 10 8
4944 14 8 6
4945 15 4 7
4946 16 2 5
4947 11 3 0
4948 5 1 5
4949 13 1 8
4950 5 2 8
4951 2 9 8
4952 16 4 7
4953 10 3 7
4954 8 10 8
4955 13 1 5
4956 9 9 1
4957 10 6 0
4958 10 4 1
4959 2 7 5
4960 19 9 8
4961 12 2 7
4962 14 8 9
4963 11 2 3
4964 16 9 8
4965 9 9 7
4966 18 8 9
4967 20 0 5
4968 18 3 10
4969 11 6 0
4970 10 3 5
4971 8 7 10
4972 18 9 7
4973 2 3 8
4974 2 9 6
4975 5 1 0
4976 12 5 2
4977 8 2 6
4978 17 1 2
4979 18 10 6
4980 11 6 9
4981 14 2 7
4982 8 4 0
4983 18 7 7
4984 18 8 5
4985 7 0 3
4986 13 3 1
4987 12 3 7
4988 4 9 10
4989 19 7 6
4990 6 10 9
4991 0 8 6
4992 11 3 1
4993 17 9 8
4994 9 4 2
4995 11 5 4
4996 6 1 0
4997 19 10 9
4998 1 1 7
4999 15 4 9
